Generation 1
1101100001101110101000000101101111001010110100111000000100111010011 0.1712999939918518
0100000001000001010100111101011110011111110101011111101010011001111 0.8371999859809875
0100001000010010110110001110000000100011000000101110110010000111110 0.08919999748468399
0100100111100000101110110100111010010001001010000010111000111101110 0.36329999566078186
1000110000110100000110110101001001000010100101000101111101001010000 0.08969999849796295
1001011111000111110011101110111011010001100011100001011000010010100 0.15379999577999115
0100101001000001111010111101100100001000110011101001010100001111100 0.9427000284194946
0001011000010101101000011110010101001111101011000001001110000001011 0.1606999933719635
0001010011011111000000101000100010110011100010010001011011110011010 0.09030000120401382
0000111001101110000010110000111011010111110011011101111100110101100 0.9531000256538391
1000101101110000011010010010000100111000011110010010100101011010001 0.08429999649524689
1001110101001000111001101000011010011111110010100111011100011001010 0.08100000023841858
0000101100010101001010010100010101111101010010010011110011010110110 0.17749999463558197
0000110011110101011100001001110011010111011100111010111100000011101 0.8532999753952026
1101101000001001111100001100010111010000011010110001010011010101000 0.6424000263214111
0100000010001010000000100101010010000010111010100010111010011101101 0.17839999496936798
0100111010101110100111001111011111110010010101111101101100111111010 0.9042999744415283
0000100101100101100101011100101001100000011000001110110010010101010 0.3068999946117401
1101111000001110001110100101101111101100111001001101000101110000011 0.2542000114917755
1100111101100001011111010111001110001101100011100100001001111111011 0.9667999744415283
1001001010000001111110110011011010010010000111101101100000010111110 0.868399977684021
0100111010011100111100110001101010111111001110011001001000110001100 0.13030000030994415
1100100010111000110000011001101011001010011001010000101000111101111 0.10090000182390213
0100110000100111101010000010111000110110111010101010010101111110000 0.11089999973773956
0000101000110011000011001110011001010110111101111010100110111100010 0.48420000076293945
0100010000111101100110110111001110001001001100001000100101000110110 0.094200000166893
0100011110000110011011100110001001001000110000000100010010001010101 0.16539999842643738
1100101111011010111010000000010111010100001110010111111011011011111 0.9142000079154968
0001000111011011100100001101100010110000101101001001111111000101010 0.5184000134468079
1000010101100011001001101000001100100100010000001101001010110000011 0.05209999904036522
1001010010001101000001001000010101100010110000110100011000000001011 0.09489999711513519
0000101010100110111101011101011010111010111111101101111001010110001 0.10729999840259552
0000001001111011110111001101100000010010110010111010010110011011101 0.3546999990940094
0001001100000101100110000010101111110100011100001001101110001101000 0.2029999941587448
0100001001100000101011101110111101000111110100101111101001110101111 0.09799999743700027
1100110101101001111101011011111001110101000010000100100001110110101 0.25519999861717224
0000010101000000111000111000100111110110001110000101111011101000001 0.12610000371932983
0000011010001101101000101011000110000000111000011010110010000100111 0.304500013589859
1000100100110010000011110011100001011101100000101110111100100010001 0.0892999991774559
0100111101111001101111111111111110111000100011101001011001011110011 0.08479999750852585
0100111000101101110001010111010001000010100000010101001001111011111 0.8540999889373779
1100111000001011000001111101001110000011111010111100101011110011010 0.8641999959945679
1000110101111011000100010001010110110010111011101001110010111101111 0.10279999673366547
1001001100011010100100110000101000000011000111111110100110100110001 0.06549999862909317
0000100001100001011100011110101011110010001110000000001000101101000 0.22200000286102295
0001110001000000110000100001011111100001001010111000100110000111010 0.6499000191688538
1000011100101100010110100010000000111111101101001011100010001110111 0.07000000029802322
0100111101011100011010110010001100110110011101101110100101011101100 0.9545999765396118
1000100011101000111101101101100000110011101000001010000001110001010 0.11389999836683273
0001011001000100100000100100101111101111111011011010101011001001101 0.8403000235557556
Generation 2
1100111000001010000001111101001011100011111011011010101011110011100 0.84579998254776
0001011001001100100000100100101110011111111010111100101011001001011 0.8258000016212463
0000011010000001111110110011011011010010111000011010110010010100111 0.09799999743700027
1001001010001101001000101011000110000100000111101101100000000111110 0.7777000069618225
0001000100000101100110000010101111010100001110010111111110011011100 0.3921000063419342
1100101111011010111010000000010111110100011100001001101011001101011 0.6507999897003174
0000110011110101011100000110001100100110011101101110100101011011100 0.6007000207901001
0100111101011100011010111001110011010111011100111010111100000101101 0.7365999817848206
0000011010001101101000101011000110000000111000011010110010010100111 0.3610000014305115
0000011010001101101000101011010110000000111000011010110010000100111 0.21310000121593475
0001011100010101101000110100111010011111101011000001001000111101110 0.5358999967575073
0100100111100001101110011110010101000001001010000110111110000001011 0.08810000121593475
0100101001000001111010011101101100110110010011101001100100011111100 0.7506999969482422
0100111101011100011010110010000100001000111101101110010101001101110 0.9588000178337097
1001001010000001111110100100101111101110000111101100101011001101100 0.7278000116348267
0001011001000100100000110010011010010011111011011011100000010011111 0.8008000254631042
1100111000001011000000001100010111011000011010110001001011010011000 0.3246999979019165
1101101000001001111101111101001110000010111010111100110011110101010 0.8914999961853027
1101101000000001011111010111001110001101100011100100010001010101011 0.9128000140190125
1100111101101011111100001100010111010000011010110001001011111111000 0.7788000106811523
0000111101011100011010010010011111110010011101111100110101001101110 0.9395999908447266
0100111010101110100011001111001100110110011100101111101100111111001 0.7605999708175659
0001011001000100100000001001111111101111011011011010101011001001101 0.8651000261306763
0000110011110101001100100100100011010111111100111010111100000011101 0.8209999799728394
0000010101000100111110110100111011110110001110000101111011111101000 0.10440000146627426
0100100101100000101000111000100110010001001010000010111000111000111 0.3111000061035156
0000001001111011110111001101011110011111110101011011010010011011101 0.4839000105857849
0100000001000000000100111101100000010010110010111110101110011001111 0.09799999743700027
0100111010100111110011101110111011110001100011100001001100111010100 0.1890999972820282
1001011111001110100111001111011111110010010101111101111000010111010 0.447299987077713
1100101101100000101110110100111010010001001010000010111000111101111 0.09799999743700027
1100100111011000101010000000010111010100001110010111111011011011110 0.9304999709129333
0001110001000000110000100001011111100001001011101000100001011111011 0.9254999756813049
0100111101111001101111111111111110111000100010011001011110000110010 0.06859999895095825
0100111010101110100111001010001100110110010101111101101100111111110 0.8662999868392944
0100111101011100011010110111011111110010011101101110100100011101000 0.746999979019165
0001001100000101100110000010101111110100011100001011101010000001110 0.19550000131130219
0100000001000001010100111101011110011111110101011111101110011101001 0.7039999961853027
0100000001000001010100111101011110011111110101011011101010011101011 0.8629000186920166
0001110001000000110000100001011111100001001010111100100110000011110 0.08919999748468399
0100111000101101110001010111010001000010100000011001001001110100111 0.7027000188827515
0000011010001101101000101111001110000000111000010110110010011011111 0.45590001344680786
0000110011110101011100001001110011010111000000110111001100111011111 0.9465000033378601
0100111000101101110001010111010001000010111100011000111001000011101 0.31459999084472656
0000100101100001011111010111001110001101100011100100001000111111010 0.5805000066757202
1100111101100101100101011100101001100000011000001110110011000101011 0.8748999834060669
0100000001000000110000100001011111100001001010110000100110110111010 0.12720000743865967
0100000001000001010100111101011110011111110101011111101010011001111 0.8952000141143799
0100000001000001010100111001011110011111110101011111101010011001111 0.9003000259399414
1100111101100001011111010111001110001101100011100100001001111111011 0.9667999744415283
Generation 3
1101101000000001011111001001111110001101101011011010101011010101011 0.8701000213623047
0001011001000100100000010111001111001111011011100100010001000001101 0.8672999739646912
1100111101100001011111010111001110000010100011011000000000010111011 0.8795999884605408
0001011001000100100000110010011010111101111011100111101001111011111 0.0982000008225441
1100100111011000101111010111001110001101100011100100001001111111010 0.8873999714851379
1100111101100001010010000000010110010100001110010111111011011011111 0.917900025844574
0100111010101110100011001111001100110110111010101110110011110101000 0.46380001306533813
1101101000001001111101101101001110000010011100111101101100111111011 0.9327999949455261
0100000001000001010100111101011110011101110101010100010011010001011 0.12200000137090683
0100000001000001010100111001011110011111110101001111100010011001111 0.8784999847412109
0000011010001101101000101111001110000000111000010110111010011011111 0.45500001311302185
1001001010001101001100111001011110011100000111101101100000001001110 0.17730000615119934
0100000011000001010000101011000110000111110101011111101010010111111 0.7664999961853027
0100111010101110100011001111001100110111000000110111101100111111111 0.10320000350475311
0000110011110101111100001001110011010010011100001111001100111011001 0.11509999632835388
0001110001001000110000100001011111000001001011101000100001111111000 0.29670000076293945
1100111101101011111100001100010111110000011010110001001011011111011 0.9444000124931335
0001011001001100000000100100101110001110000111101101100000001101110 0.11349999904632568
1001001010001101001000101011000110010111111010111100101011000011011 0.6060000061988831
0000111101011100011010110011000100001000111101111100110101001101110 0.9416000247001648
0100111101011100011000010010011111110010011100111110010101001101110 0.09799999743700027
1101101000001001111101111101001110000010011100101110110100111101000 0.34060001373291016
0100111010101110100011001111001100111110111010111101101011110101011 0.9355000257492065
0100111101011100011010110010000100001000111101101110010101011001110 0.8547999858856201
0000110011110101011100001001110011010111000000110111001100101111111 0.16410000622272491
0100111000101001011111010111001110001101100011100101010001010100011 0.7440000176429749
1101101000000101110001010111010001000010100000011000001001110101111 0.09799999743700027
0000100101100001011111011001001110101111110101011111101010011011010 0.10350000113248825
0100000001000001010100110111011110011101100011100100001100111101111 0.09799999743700027
0100010001000001010100111101011110011111110101011010110011111101011 0.9041000008583069
1101101000001001111101111101001110000010111010111101101010010101010 0.9065999984741211
1100101111011010111010000000010111110100011100001001101000001101110 0.5916000008583069
0000111101011100011010010010011111110010011101111100110111001101011 0.9521999955177307
0100111101011100011010110010001100001000111101101110010100111101110 0.9348999857902527
0100111000101110101111001010000100110110010101011101101100001111110 0.9196000099182129
1100111101100001011111010111001110001101100011100100001011010101011 0.8715999722480774
0100000001000001010100111101011110011111110101011111101000111011111 0.887499988079071
1100111000001010000001111100001011100011110011011010101011111011111 0.11919999867677689
0000110011110101011100001001110011010111000000110111001100110011100 0.7450000047683716
0001101000001001011011010111001110001101100011100111001101010101111 0
1101110011110101011100001001010011010111000000110100010000111011011 0
0001011001001100100000100100101110011000111010111100001011001001011 0.8299000263214111
1100111101100101100101011100101001100111011000001110110011000101011 0.8978000283241272
0100101001000001101010011101101100110110010100101010110100011111100 0.20059999823570251
0100111101011100011010111001110011010101011011111001101100000101101 0.33410000801086426
0100111000101101110001010011010001000010100000011001001001111001111 0.6171000003814697
0100000001000001010100111101011110011111110101011111101010010100111 0.8906999826431274
0100000001000001010100111101011110011111110101011111101010011001111 0.8847000002861023
0100000001000001010100111001011110011111110101011111101010011001111 0.8859000205993652
1100111101100001011111010111001110001101100011100100001001111111011 0.9667999744415283
Generation 4
1101101000000001011111001001111110001101101011011010101011111101011 0.8621000051498413
0100010001000001010100111101011110011111111101011010110011010101011 0.8913999795913696
1101101000001001111101101101001110000010011100111000001000111001011 0.12380000203847885
0001011001001100100000100100101110011000111010111101101111001111011 0.4740999937057495
1100101000001010000001111100101011100010100011011000000000010011011 0.155799999833107
1100111101100001011101010111001110000010110011011010101011111111111 0.09799999743700027
1101101000000001011111001001111110001101100011100100001001110110011 0.1005999967455864
1100111101100001011111010111001110001101101011011010101011011101011 0.9496999979019165
0001011001000100100001010011001111001111011010010100011011011011111 0.7918999791145325
1100011101100001010010000000010110010100001111100111110001000101101 0.9593999981880188
0001011001000100100000110011000100001101011011111100110001000001111 0.9023000001907349
0000111101011101011010010111001111011000111101100100010101001101100 0.953000009059906
1101101000000001011111001001111110001101101011011010101011010101011 0.878600001335144
0100111010101110100011001011001100111110111010111101101011110101011 0.9402999877929688
1101011001000100100000010111001111001111011100010111111011011001101 0.09799999743700027
0000111101100001010010000000010110010100001011100100010001100011111 0.9638000130653381
1100101101100001011111010111001010001101100011100100001001111111011 0.7649000287055969
1100111101100010100011001111001110001101100010111101001001111101011 0.9495000243186951
0100111010101101011111010111001100111110111011100100101011110111011 0.9344000220298767
0100000001000001010100111101011110011111111011100100010011000001101 0.5011000037193298
0001011001000100100000010111001011001111010101011110101000011001111 0.8964999914169312
0100111101100001010100111001011110011111110101001111101010010001011 0.20270000398159027
1100000001000001011111010111001110001101100011100100000011010101111 0.09799999743700027
1100111101100001011110010111001110000010100011011000000000111111011 0.5821999907493591
1100111101100001011111010111001110001101100011100100011001010111011 0.9623000025749207
1101101000000001011111001001111110001101100101011010101010111011111 0.8273000121116638
0100000001000001010100111101011110011111111011011111111001010101011 0.8988000154495239
1100111101110001011111000000010110010100000111000100001011011001111 0.9046000242233276
1100111101100001010010010111011110000101101110110111111011010101011 0.9072999954223633
0100111101011100011010111001110011010100011010111101001010110101000 0.8633000254631042
1101101000001001111101111101001110000010111011111001101100000101111 0.09799999743700027
1100111111011010111010000000010111110100010011100100001000111101110 0.1720999926328659
1100111101100001011111010111001110001101101100001001101001001111011 0.5723999738693237
0100111010101110100001001111001110001101100011100101010001010101111 0.9344000220298767
0100111000101001011111010101001100111110111010111101101011110100011 0.9052000045776367
0000111101011100011010111001011110011111010101111100111011001100011 0.9535999894142151
0100000001000001010100010010011111110010010101001111100111011011111 0.9023000001907349
1101101000001001010100111001011110000010011100101101101100111111011 0.8569999933242798
0100000001000001111101101101001110011111110101011111100010011001111 0.8920999765396118
1100111101110001011111010110001110001101100011011100000000010111011 0.8492000102996826
1100111101100001011111010111001110000010100011100000001001111111011 0.9692000150680542
0000111111011100111010110011000100101000111101111100110101001101110 0.8708000183105469
0000111101011100011010110011000100001000111101111100110101001101110 0.909500002861023
1100111101100101101111010111001110001100100011100100010011011111001 0.8837000131607056
1100100111011000100101011100101001100101011000001110101001101101010 0.6139000058174133
0100111010101110100011010111001100111110111000100100001001110111010 0.8259000182151794
1100100111011000101111001111001110001101100011101101101011111101011 0.9521999955177307
1100111101100000110000100001011111000001001011101000110001111111011 0.9380000233650208
0001110001001001011111010111001100001101100011100100001001111111000 0
1100111101100001011111010111001110001101100011100100001001111111011 0.9667999744415283
Generation 5
1100111101100010100011001101001110011111101101011011110011111101011 0.951200008392334
0100010000000001010100111101011110001101110010111101001001010101011 0.09799999743700027
1100111101110001011011010110001110001101100011011100010001000101101 0.9524000287055969
1100011101100001010010000000010110010100001111100111100000010111011 0.429500013589859
0001011001000110100000110011000100001101011011111100010001000011111 0.9341999888420105
0000111101100001010010000000010110010100001011100100110001101001111 0.9352999925613403
0001011001000100100111001001111110001101101011011000110001000001011 0.09369999915361404
0100001101100101010010000000010100000100001101011111100010001001101 0.27720001339912415
1100010001000001111101101101001110011111110111100111110001010001111 0.9217000007629395
0100110010101110000011010111111110001101111000100100001001110111010 0.7674000263214111
1101001000010001011111001001001110111110101011011010101011010101011 0
1100011101000001010010000000010110010100001101011010110011000101001 0.8852999806404114
0100010001100001010100111101011110011111111111100111110001010101111 0.10100000351667404
1100111101110010110000010111001111011010111011100000110001101101110 0.8988999724388123
0000111101011101011010100001011111000001001101100100010101011111001 0.9089000225067139
1100111101110001011111001001111110011101101011000100011011011101111 0.08919999748468399
1101101000000001011111000000010110010100000111011010101011111001011 0.30239999294281006
1100111101100001010010010111011110000000001111100111110001000101101 0.9602000117301941
1100011101100001010010000000010110010101101110110111111011010101011 0.9437000155448914
0001011001000100100000010111011110011111010101111100101000011100010 0.8849999904632568
0000111101011100011010111001001011001111010101011110111011001001111 0.9528999924659729
0100111010101101011111010111001100111110111011111111100011110111011 0.9577999711036682
0100000001000001111101101101001110111111110101000110101110011011111 0.8580999970436096
1100011101100001000010001011001100111110111010100101101011000101111 0.1444000005722046
0100111010101110100001000000010110010100001111111111110001110101001 0.7279000282287598
0100000001000001010100010010011111110010001011001101100111010001111 0.876800000667572
1101101001000001011111001001011110001101110101011010101011011111011 0.9072999954223633
0001011001000100100100010111001001001001100001011101101011111101111 0.8705000281333923
1100100111011000101111101111001110001111010111101110101000011001011 0.1340000033378601
1100111101100001011111010111001010001101100011100101001011111101001 0.9585999846458435
0100111101011100011010111001110011011100011010111100001000110111010 0.929099977016449
1101101000001001010100111001011110000101100101011010101100111011011 0.305400013923645
1101101000000001011111001001111110001010011100101101101010111111111 0.10100000351667404
0000111101011100011010111001001100111110111010111101101011001100011 0.9415000081062317
0100111010101110100011001011011110011111010101110100111011110101011 0.9524000287055969
0000111101100001010100010111001011001111110101010100011001111101101 0.9574999809265137
1101011001000100100011010111001110001101100011101100101000011011011 0.09470000118017197
1100111101100001011111010111001110001101100011100100001001001110011 0.12290000170469284
0000111101011100011010111001011110011111010101111100111011111101011 0.9437999725341797
0101111101011100011010101001011110011111010101111010110011001101011 0
0000010001000001010100111100011110011111111101011100111011010100011 0.8884000182151794
0001011001000100111111010111001111001111010101011110101001011101011 0.8267999887466431
1100111101100001000000010111001010001101101011011010101010011001111 0.8464999794960022
0001111111011100111010110011000100101000111101111100100011001101110 0
0100010001000001010100111101011110011111111101011110110101010101011 0.8877999782562256
0000111101011100011010111001011110011111010011101100111011001001001 0.19779999554157257
0100000001000001010100111101011110011111111101110100010011000100111 0.8465999960899353
0100111010101110100011110011000100001101011011111100111001000111010 0.9136000275611877
0001011001000100100000010111001100111110111000100100000001110001111 0.09799999743700027
1100111101100001011111010111001110000010100011100000001001111111011 0.9692000150680542
Generation 6
1100111101100001011111010111001010001101100011100101001011001100111 0.09799999743700027
0100000001010011010100111101011110011111111101110100010111110101001 0.6365000009536743
0000111101011100011010111001011110011111110101111100111010111101111 0.9018999934196472
0100000001000001111101101100001110111111010001000110101111011011011 0.17730000615119934
0001011001000100111111010111001111001111010101100100110001101101111 0.7055000066757202
0000111101110001010010000000010100010101001011011110101001011001011 0.4124000072479248
0000110001000001010100110111001011001111111101110100011011000101101 0.7936000227928162
0100001101100001010100011101011110011111110101110100011001111100111 0.8165000081062317
0001011001000100100000010111001010001101010101111100101000111101001 0.8896999955177307
1100111101100001011110010111011110011111100011100101001011011100011 0.9563999772071838
0001011001000001101101101101001110011111110111100111110001010001111 0.9544000029563904
0100010011000110100001110011000100001101011011111100010001000011101 0.8234999775886536
1100111101100100100000010111011110011111010101111011101000011100011 0.95660001039505
0001011001000010100011001101001110011111101101011100110011111101010 0.685699999332428
0000111101100011010100010111001011001111110101010100011011011101111 0.8518000245094299
0000010001000001010100111100011110011111111101011100111001110100001 0.7563999891281128
0000111101100001010000010111001011001111110101010100011101111001111 0.9557999968528748
1101101000000001011111000000010010010100000111011010101011111101001 0.8126000165939331
0000111101111100011010111001101100111110011010111101101011001001011 0.5806000232696533
0100111010101110100011001011011110011111010101110100111011110100011 0.927299976348877
0100111010101101011111010111001100011111010101111000101000011100011 0.9200999736785889
0001011001000100100000010111011111111110111011111111100011110110010 0.18700000643730164
1100111101100010100000111011000100001101011011111110010011111101111 0.10279999673366547
0001011001000110100011001101001110011111101101011001110001000011011 0.12479999661445618
1100011101100000010010000000010100111110111011100011100000110111011 0.5914000272750854
0100111010101101011111010111001110000100001111111111100011010111011 0.9341999888420105
0000111101011100011010111001000110011110111010111111111011000101011 0.9248999953269958
1100011101100001010010000000011100110101101110010101101010011100001 0.3880999982357025
1100011101100001010010000000010111011101101110110100111010110101010 0.9156000018119812
0100011101111100011010111001110010010100011010111111011001010111010 0.8252999782562256
0100111101110001011011010110001110001111010101110100011011110101011 0.9570000171661377
0100111010101110100011001011011110011101100011011100110001000101101 0.9550999999046326
0001011101100001000000010111001010001101010101111100101000011101111 0.0957999974489212
1100111001000100100000010011011110011111011011011010101010011000010 0.17479999363422394
0001001001000110100000010111011110011111011011111100010001000011110 0.8654999732971191
0001011001000100100000110011000100001101010001111100101000011100011 0.8932999968528748
0000111101100001010010111001001011001111010101010100111001111101101 0.967199981212616
0000111101011100011100010111001011001111110101011110011011001001111 0.9501000046730042
0000111101011100001010110011011110011111010101010100111011111101011 0.9521999955177307
1100111101100001010000010110011110001101101010100100001001110111010 0.9397000074386597
0100110010101110000011010111101010001101111001011010101010011001111 0.8675000071525574
1100111101000011011111010111001010001101100011100101001011111101001 0.9592000246047974
1000111101011101011010100001011111000101001101100100010101011111001 0.8410999774932861
1100011101100001010010000000010110010101101110110110111011010101011 0.9197999835014343
0000010001000001010100111100011110011111111101011101111011010100011 0.8910999894142151
0000010001000001010100110100011110011111111101011100111011010100011 0.8895000219345093
0000111101011100011010111001001011001111010101011110111011001001111 0.9567000269889832
0000111101100001010010000000010110010100001011100100110001111101101 0.9334999918937683
0000111101011111011010100001011111000001001101100100010101001011011 0.699999988079071
1100111101100001011111010111001110000010100011100000001001111111011 0.9692000150680542
Generation 7
0001011000000100100000010111001010001101010101111100101011111101001 0.8927000164985657
1101101000000001011111000000010010010100000111011010100000111101001 0.23510000109672546
0000111101011100011010111001000110001101100011100101001011000101001 0.9369000196456909
1100111101000011011111010111001010011010111010111111111011111101011 0.8003000020980835
0100111010101110100010100000011110011111010101110100111010110100010 0.7735999822616577
1100011101100001010011001011010011001101101110110100111011110101011 0.8931999802589417
1100111101000011001111010111001010101101100011100101000001111101101 0.9383000135421753
0100010011000110101001110011000100001101011011111100011011000011001 0.20839999616146088
0100111101110001011101101101001110011111110101110101111011110001111 0.9286999702453613
0001011001000001101011010110001110001111010111100110010001010101011 0.9199000000953674
1100111101100001010000010110011110011111110111100111110001010110110 0.5611000061035156
0101011001000001101101101101001110001101101010100000001001110001011 0.35359999537467957
0000111101100001010010000010010110010100001011100100110001110111110 0.9363999962806702
1100111101100001010000010110011110001101101010100100001001111101001 0.9151999950408936
0001001001000110100000010111011110011111011011111100101000100101001 0.7741000056266785
0001011001000100100100010111001000011101010101111100010001011011110 0.9036999940872192
1101101000000001011111000000010010010100000111011010101011111101001 0.7815999984741211
1101101000000001011111000000010010010000000111011010101011101101001 0.8184999823570251
0100111010101110100011001011011110011101100011011100110001000101101 0.9408000111579895
0100011010101110100011001011011100011101100011111100110001000101101 0.9447000026702881
1101101000000001011111000000010010010100000111011010101011011001011 0.3817000091075897
0000111111011100011100010111001011001111110101011110011011101101101 0.9419999718666077
1101101000000001011111000000010010010100000111011010101011111101011 0.8684999942779541
0000111101011100001010110011011110001111010101010100111011111101001 0.8465999960899353
0001001001000100010000111100011110011111111101011100111001111100001 0.22689999639987946
0001010001000001100000010111001110001101010101111100101000110101001 0.9128999710083008
0000111101011100011010011001001011001111010101111011101000001100011 0.9524999856948853
1100110101100100100000010111011110011111010101011100111011011001011 0.6344000101089478
0100111101100001010010111001101011001011010101010100111001010101111 0.08919999748468399
0000111010101101011111010111001110000100001111111111100011111111001 0.9068999886512756
1001011001000100100000110011000100001101010001111110111010010100011 0.883899986743927
0100111010101110100011001011011110011111010101110100101001111100010 0.7821000218391418
0001111001100100100000111100011110011111111101011100101000011100011 0.5171999931335449
0000110001000001010100110011000100001101010001111101111011000100011 0.9435999989509583
1101101000000001010000010110010110001101101010100100001001110111010 0.5188999772071838
1100111101100001011111010000010010010100000111011010101011111101000 0.6237000226974487
1100011101100001010010000000010110010101110101111100111010111100111 0.10320000350475311
0000111101011100011010111001011110011111101110110110111011010101011 0.9060999751091003
0001011001000010100011001101001100001101010001111100110011111101010 0.8194000124931335
0001011001000100100000110011000101011111101101011100101000011100011 0.8691999912261963
0100111000000001011111000000010010010100010101111010101000011101001 0.8848999738693237
0001011001000001101101101100001110011111111101000111110011010100111 0.883899986743927
0000010001000001010100110100011110011111110111111110111001010001011 0.7746999859809875
0100111010111100011100010111001011001111110101011110010001001001111 0.8276000022888184
0000111101001110100011001011011110011101100011011100111011000101101 0.6541000008583069
1100111101100001011111010111001110011111110111100111110001110011011 0.5612999796867371
0001011001000001101101101101001010000010100011100000001001011101111 0.09799999743700027
0001011001000001111101101101001110011111110111100111110011110001001 0.08950000256299973
0100111010101010100011001011011110011111010101110100111001010100111 0.666100025177002
1100111101100001011111010111001110000010100011100000001001111111011 0.9692000150680542
Generation 8
0000111101011100000100010111001000011101010101111010010000001110110 0.7807000279426575
0001011001000100111110011001000011001111010101111111101001011001011 0.13230000436306
0001010001000001010100110011000100001101010001111101111011000101001 0.8894000053405762
0000111000000100100000010111001010001101010101111100101010111100011 0.8604999780654907
0100011010101111100011001011011100011101100011111100110001000101101 0.9480000138282776
0100111010101110100011001011011110011101100011011100110001000101101 0.9506000280380249
0000111101100001010010000010001011001111010111111011101000001101011 0.4043000042438507
0000111101011100011010011001010110010000001011100100110001110110110 0.4999000132083893
0001011001000001101011010110001110001111010111100110011001010101011 0.9449999928474426
0100111010101110100011001011011110011111010101110100100001111101010 0.8845000267028809
1100110101100100100000010111011110011110010101111100111011011101010 0.9427000284194946
0001011001000110101011001111001100001101010001011100110011111001011 0.1387999951839447
0001011001000001101001101100001110111111101110110100111011110101011 0.9045000076293945
0000111101011100011011010111011010101111010101111001000001111101001 0.921999990940094
1100111101000011001110011001001011001101100011100011101000001100111 0.10279999673366547
0100111010101101010100110011000100001101010011011101111011010101001 0.6635000109672546
0000110001000010100011001011011110011101100001111100110001000100111 0.832099974155426
0100111101110001011101101101001110011111110111100111111011010000111 0.89410001039505
1100111101100101010000010110001110011111110101010101110001010011110 0.9503999948501587
0001001001000110100000010111011110011111011011111101101000100101001 0.8274999856948853
0001001001000110100000010111011110011111011011101100101000100101001 0.8033000230789185
0001011001001100101101101101001110011111010101110001111011110011111 0.9312000274658203
0100111101110001010100010111001000011101110101111100010001011001110 0.8738999962806702
1100111010001101011111010111001110011101100011011100110001000101101 0.8895999789237976
0100111101100010100011001011011110000010100011100000001001111111011 0.9603999853134155
0100011010101110100011001011010100011101101101001100110001000101101 0.9355000257492065
0001011001000001101101101100001111011111110011110111110011010100111 0.09799999743700027
0000110001000001100000110011000100001101010001111100111010110100001 0.892300009727478
0001110001000001010100010111001110001101010101111101101001000101011 0.9485999941825867
1100111101100001011111010111001110011111010101110100101001111110011 0.1071000024676323
0100111010101110100011001011011110000010100011100000001001111101010 0.9343000054359436
1001011001000100100000110011000100001101010001111100111010010100011 0.8884000182151794
0101011001000100100100010111001000011101010101111110010001011011110 0.8944000005722046
0101111101110001010101101101001110011111110101110101111011110001111 0
0100111101110001111101101101001110011111110101110101111010110001111 0.9394999742507935
0100111000000000011100010111001011001111110101011010100000101101101 0.8973000049591064
0000111111011101011111000000010010010100010101111110011011011101001 0.9261000156402588
0001010001000001100000010111001110001101010101011100111011000111101 0.9229999780654907
0000111101001110100011000101011110011101100011111101101000110101001 0.8008000254631042
0010110001000001010100110011000100001101010001111100011011000100011 0.7239000201225281
0000111111011100011100010111001011001111110101011111010011101101101 0.942300021648407
1100111101000011001111001011011110011101100011011101010001100101101 0.9545000195503235
0100111010101010100011010111001010101101100111100100100001011101101 0.6128000020980835
0000011001000100100100010111001000011101010101111100010010000011111 0.8675000071525574
0001110001010001010100110011000100001101010000111101111001011100010 0.5810999870300293
0000111111010100100000010111011110011111110101011100011011101001101 0.8827999830245972
1100110101101100011100010111001011001111010111011110111011011101011 0.9542999863624573
0100111000000101011111000000010100001101010001111010101000010101001 0.8876000046730042
1001111001000100100000110011000010010100010101111110111010011100011 0.8948000073432922
1100111101100001011111010111001110000010100011100000001001111111011 0.9692000150680542
Generation 9
0100111101100010100011001111011110111111101110110100101001111101011 0.9538999795913696
0001011001000001101001100100001110000010100011100100011011110111011 0.9564999938011169
0100011010101111100000010111011100011101010101011100111011000101101 0.953000009059906
0001010011000001100001001011001110001101100011110100110001000110101 0.3018999993801117
1100111101100101010000010110001110011101110101010101110001010111110 0.8223999738693237
1100111101100001011111010111001110000010100011100000001001111011011 0.8669999837875366
1100111010101110100011001011011110000010100001110100001001111101011 0.9416000247001648
0100111101110001111101101101001110111111110111100001111010110001110 0.6019999980926514
0100111101110001011101101101001110011111110111100111111001000000111 0.9383000135421753
0001110001000001010100010111001110001101010101111101101011010101011 0.9563999772071838
0001010001000001100000010111001100001101010001111000111010010110111 0.8934000134468079
1001011001000100100100110011000110001101010101011100111011000101001 0.4140999913215637
0001011001000001101011010110001110001111010111100110011001010101011 0.9455999732017517
0001011001000001101011000110001110001111010111100111011001010101011 0.9463000297546387
1100111101100101010000010110001110011111010101010101110000000011110 0.9452999830245972
0001001001000110100000010111011110011111111011111101101100110101001 0.8842999935150146
0100111010101110100011001011011110011101100001111100110011000101011 0.9485999941825867
0010110001000001011100110010000100001101010011011101011001000100101 0.906000018119812
0100111010101110100011001011001110000010100101011100111011001111111 0.8352000117301941
0001010001000001100000010111001100000101010011100010001001110101000 0.8499000072479248
1100110101101100011100010111001011001111010111110101111011010001011 0.5867000222206116
0100111101110001111101101101001110011111110101011110111010111101111 0.8047999739646912
0001010001000001011100110011000100001101010001111101100001111111001 0.8866999745368958
0000111101011100011011010111011010101110010101111001011011000101001 0.933899998664856
0000111111010100000000010111001110001101010101011111010011100101101 0.9093999862670898
0100111010101000010100110011011110011101100011011100011011000100011 0.9009000062942505
0000110001000110100011001011000100001101010001111100110001000101101 0.8666999936103821
0001011001000001101010010111001000011101010111110100010001011011110 0.88919997215271
0101011001000100100101010110001110001111010101111110011001011101011 0.9049999713897705
0001001001000001000000010111011110011111011011111101101001000101001 0.9038000106811523
0001110001000110110100010111001110001101010101101110101000100101001 0.8935999870300293
1100110101100100100011001011011100011110010101111100111011001101011 0.9603999853134155
0100011010101111100000010111011110011101100011111100110001010101100 0.9247999787330627
0100111101101010100011001011011010000010100011100000001001111101011 0.9563000202178955
0000111111011101011111000000010010010100010101111110011011011101001 0.9333999752998352
0001110001000001101001101100001110111111110101110100111011110001011 0.19740000367164612
0001011001000001010100010110001110001101001110111101101001000101011 0.7750999927520752
0000111000000000011100010111001011001111110101011010100000111111111 0.7034000158309937
1100111001100001011111010111001110000010100111100000001001101101001 0.9226999878883362
1001011001000100100000110011001110011111010101110000111011110011001 0.0997999981045723
0001011001001100101101101101100100001101010001111101111010010100111 0.0957999974489212
1100110101100100101010010101011110011110010101111100111001010101011 0.954200029373169
0001011001000001100001010110001110001111010111100110011011010101010 0.8841000199317932
1101111101100101010000011110001110011111110101010101110001010101101 0
0100011010101111100011001011011100011101100011111100110001000001110 0.6022999882698059
0000110101100100100000010111011110011110010101111100001010011101000 0.8023999929428101
1100111101011100011011010111011010100111010101111001110001111101011 0.96670001745224
0100110101100010100010001011011110001010100011100000001011111101011 0.9646999835968018
1100110101101100011100010111001011000111000111011110111001011111111 0.906000018119812
1100111101100001011111010111001110000010100011100000001001111111011 0.9692000150680542
Generation 10
0010110001000001011100110010000110011111011011111101011001000100101 0.8927000164985657
0001001001000001000000010111011100000101010011011101101001000101001 0.8830000162124634
0001001001000110100000010111011110011111111011111101001001110101011 0.8700000047683716
1100111001110001011110010111001110000010100011100000101100111011001 0.1046999990940094
0100111101110001011101101101011110011111100111100110001001000001011 0.45750001072883606
1100111010101110100111001011001110000010100001010101111001111100111 0.9333000183105469
1100110101101100011100010111001011001101100011101100110001011101101 0.9264000058174133
0100010010101111100000010111011110010111000111111110111001011111110 0.8704000115394592
0100111101110001011101101101001110001111010111100111011101000000111 0.9429000020027161
0001011001000011101011000110001110011111110111100111111001111101011 0.9706000089645386
0100111010101110100011001011001010001101010101111101101011001101111 0.8672000169754028
0001001001000001100000010111011110011111101110110100101001001101001 0.5841000080108643
0100111101100010100011001111011110111111011011111101101001110101011 0.9550999999046326
0100111101110001011101101101000110011111000111100111111001000001111 0.9168000221252441
1100111101100101010000010110001110011111110101010101110000000010110 0.9108999967575073
0001011001100001101011000110001110001111010111100001011001010101011 0
0011011001000001101011000110001110001110010111100111011001010101011 0
1100111001100001011111010111001110000000100111100111111001000000011 0.3109000027179718
0100111101110001001101101101001110011111110111100000001001101101101 0.9563000202178955
0100111101110001011101101101001110001111010111100111111001000000111 0.9453999996185303
0101011001000100100101010110001110011111110101111111011001011101111 0.8880000114440918
0110110011000001011101110010000100001101010011011100011010110110001 0.10279999673366547
0001011001000001101001100100001110000010100011100101011001000101111 0.10100000351667404
0100110101100010100010001011011110001010100011011100101011000101101 0.11349999904632568
0100011010101111100100010111011100011101010101100000011011111101011 0.8474000096321106
0001010001000001100000010111001100001101010001111000111010010110111 0.9111999869346619
0001010001000001100000010111001100001101010001111000111010010110111 0.9057999849319458
1100111101100001011111010111001110000010100011100010001001111111011 0.840399980545044
1100111101100001011111010111001110000011100111100000001001111111011 0.9549000263214111
0101001001000110100000010111011110011111111111110111111100110101101 0.8841999769210815
0000111101110001011101101101001110011111110011101101111001000000011 0.48820000886917114
0001011001000001101011010110001110000010100011100110011011010101011 0.9488999843597412
0001011001000001101001100100001110001001010110100100011001110111011 0.9229000210762024
0100011010101111100000010111011110010011100011111100110001100101001 0.5364000201225281
1100111001100001011111010111001110001100100111100000001001011101100 0.9111999869346619
0000110001000111100011001011000100011010100011100010001001000101101 0.8937000036239624
1100111101100001011111010111101110001101010001111100110001111111011 0.9388999938964844
0000111101011100011011010111011010101111010111111000011011011101011 0.9549999833106995
0001011001000001101011000110001110001110110101110111011001000101001 0.6531000137329102
0010011001000001101100110010000100001101010011100111011101010100001 0.41429999470710754
0001110001000001011011000110001110001111010111011101011001000101111 0.10320000350475311
0001011001010001111011010111011010100111010111100111010001111101011 0
1100111101001100001011000110001110001111010101111001111001010101011 0.9483000040054321
0100111101100010100011001111011010000010101110110100101001111101011 0.9492999911308289
0100111101100010100011001011011110111111000011100000001001111101011 0.9578999876976013
0100011010101111100000010101011110001010100011100000001011011101001 0.738099992275238
0100110101100010100010001011011110011101100011111100110001110101110 0.6912000179290771
0001011001000001101100110010000110001111010111011101011001000000101 0.8633999824523926
0010110001000001011011000110001100101101010011100111011001010101011 0
1100111101100001011111010111001110000010100011100000001001111111011 0.9692000150680542
[0.9667999744415283, 0.9667999744415283, 0.9667999744415283, 0.9692000150680542, 0.9692000150680542, 0.9692000150680542, 0.9692000150680542, 0.9692000150680542, 0.9692000150680542, 0.9706000089645386]
[0, 0, 0, 1, 0, 1, 1, 0, 0, 1, 0, 0, 0, 0, 1, 1, 1, 0, 1, 0, 1, 1, 0, 0, 0, 1, 1, 0, 0, 0, 1, 1, 1, 0, 0, 1, 1, 1, 1, 1, 1, 1, 0, 1, 1, 1, 1, 0, 0, 1, 1, 1, 1, 1, 1, 0, 0, 1, 1, 1, 1, 1, 0, 1, 0, 1, 1] 0.9706000089645386 0.8438277628957008