Downloading data from https://storage.googleapis.com/tensorflow/tf-keras-datasets/mnist.npz
11493376/11490434 [==============================] - 0s 0us/step
11501568/11490434 [==============================] - 0s 0us/step
Generation 1
1001110101001110010110010011010011101001011001100010111101011010111 0.7192999720573425 0.6873310844103495
1100001110001101011001111011000110100001011011011100100101111100000 0.1282999962568283 0.09923202835489064
0000000101011100111110110101001100010101111000101010010100001101101 0.8282999992370605 0.7906499992717396
0000111011100010110101101011110000110010111010100011001000001001010 0.10689999908208847 0.08435078052571043
1000111001100100000001000101111001110101111110011101110001111000100 0.3562000095844269 0.2773536532962074
0000001010100111100011111100101101011100100010001101110111000011100 0.25189998745918274 0.19942082340518633
0100110001110001110011110001011101001000100010101000011100100000010 0.07999999821186066 0.06437499856110662
1001111010011110001100010001001111010101010001100111100110010101010 0.8055999875068665 0.7765088768468963
1100011010101001000010101101001000101000111011010011001100111001001 0.10300000011920929 0.08154166676104069
0100111101100110011011100111010101111100010100101011011111101001001 0.1534000039100647 0.14758939770135013
0100101110010110101111110011101110101011011111000101000101110110011 0.07859999686479568 0.06140624755062163
1100100100101111001111010000011010001010000110111000110100000101101 0.8543000221252441 0.6763208508491516
1100011000111100000100101011100110101000001010001010010011011000100 0.1527000069618225 0.12406875565648079
1000000011100101100010101101011000001111010101011110110110011101011 0.4909000098705292 0.47602425199566467
1101100101000110110110111001001101110100011110001111001110100111101 0.8281000256538391 0.819473983719945
0000100101100000100001010101101101001101100110011111100101010101001 0.4839000105857849 0.36670547677204013
1101000011001010000101100011000011101100010010110010000111010101011 0.9161999821662903 0.9066562323520582
1000100010110000111001101000011110011101101111011100100100100100111 0.47929999232292175 0.3694604107489189
0101110011001111100011000010011100000010010000110000000000110100110 0.8806999921798706 0.8488969369067086
0000000111010101111000010001010010111010000111100111001111100101010 0.8122000098228455 0.640876570250839
0100111110100000010011001011010010011010111010000111001101011111011 0.9136999845504761 0.6995515506714582
1101101110001011000101100011101101101000000000100100111100011100000 0.32120001316070557 0.30870890153778924
0100100100111010111100001100011100001011010110000001000110010111011 0.6507999897003174 0.508437491953373
1000000100010000110100001101011001111100011011110100101110011000011 0.10320000350475311 0.08008750271983445
1000000011111101101100100001000101101111110111010100110110111001000 0.05889999866485596 0.04632239478329818
Generation 2
0100111110100000010011001011010010010010111010000111001101010111011 0.9333000183105469 0.743723452091217
1101000011001010000101100011000011101100010010110010000111010101011 0.9161999821662903 0.845576233540972
0100111110100000010011001011010010011010111010000111001101011111011 0.9136999845504761 0.7352429563179612
1101100101000110100110111001001101110100111110000111001111010111001 0.892300009727478 0.8030700087547302
1001100101000110110100111001001101101000010010110010000111010101101 0.8809999823570251 0.8020770672708749
0101110011001111100011000010011100000010010000110000000000110100110 0.8806999921798706 0.8146474927663804
1101000011000010000101100011000011110100011110001111001110100111011 0.8593999743461609 0.7842024765908718
1100100100101111001111010000011010001010000110111000110100000101101 0.8543000221252441 0.7319393418729305
0000000101011100111110110101001100010101111000101010010100001101101 0.8282999992370605 0.765549999294859
1101100101000110110110111001001101110100011110001111001110100111101 0.8281000256538391 0.7487404398620129
0000000101011100111110110101000100010101111000101010000100000111011 0.8222000002861023 0.7661409093575045
0101110011001111100011000010011100000010010001110000000000110100110 0.8154000043869019 0.7519800040456984
0000000111010101111000010001010010111010000111100111001111100101010 0.8122000098228455 0.7022145918260019
1001111010011110001100010001001111010101010001100111100110010101010 0.8055999875068665 0.7697955436176724
0100100100111010111100001100011100001011010110000001010110011101101 0.7519999742507935 0.6070833125462134
1001110101001110010110010011010011101001011001100010111101011010111 0.7192999720573425 0.6753427515427272
0100100100111010111100001100011100001011010110000001000110010111011 0.6507999897003174 0.5101322835932175
0100100100111010111100001100011100001011010110000001000110011111011 0.6503000259399414 0.5148208538691202
0000100101100000100001010101101101001101100110011111100101010101001 0.6291999816894531 0.5046708186467489
1000000011100101100010101101011000001111010101011110110110011101011 0.4909000098705292 0.45928902438644204
1000100010110000111001101000011110011101101111011100100100100100111 0.47929999232292175 0.40690572264914715
0100100100111011111100001100011100001000011110001111001110100111000 0.4424000084400177 0.3513854233703266
1000111001100100000001000101111001110101111110011101110001111000100 0.3562000095844269 0.3116750083863735
1000100011001111100011101101011000001010010000011110110110011101010 0.3370000123977661 0.31529925402366754
1101101110001011000101100011101101101000000000100100111100011100000 0.32120001316070557 0.30424779024389054
Generation 3
0100111110100000010011001011010010010010111010000111001101010111011 0.9333000183105469 0.7680281400680542
1101000011001010000101100011000011101100010010110010000111010101011 0.9161999821662903 0.7997662344326576
1100100100101111001111010000011010001010000110111000100111010101101 0.9154000282287598 0.7676010653376579
0100111110100000010011001011010010011010111010000111001101011111011 0.9136999845504761 0.7637960808351636
1101110011001111100000010001001111010100010001110000000000110101010 0.9132999777793884 0.8219699800014496
1001110010011110001100010001001111011011010110100111000110011111011 0.9111999869346619 0.799198321873943
0000011110100000011110110101001100010101111000101010010101010111101 0.8992999792098999 0.8550162681124428
1101100101000110100110111001001101110100111110000111001111010111001 0.892300009727478 0.741724383085966
0100100100111010111100001100011100001010011010110010000111010111101 0.8870000243186951 0.7299271033455927
1001100101000110110100111001001101101000010010110010000111010101101 0.8809999823570251 0.7268249854445458
0101110011001111100011000010011100000010010000110000000000110100110 0.8806999921798706 0.8024155484305487
1101000011000010000101100011000011110100011110001111001110100111011 0.8593999743461609 0.7448133111000061
1100100100101111001111010000011010001010000110111000110100000101101 0.8543000221252441 0.7519619986414909
0100111110000000010011001011010010010010111010000111001101110101010 0.838100016117096 0.7005992322228849
0000000101011100111110110101001100010101111000101010010100001101101 0.8282999992370605 0.7780999992832993
1101100101000110110110111001001101110100011110001111001110100111101 0.8281000256538391 0.6883581463247538
0000000101011100111110110101000100010101111000101010000100000111011 0.8222000002861023 0.769255303297982
0101110011001111100011000010011100000010010001110000000000110100110 0.8154000043869019 0.7361250039603975
0000000111010101111000010001010010111010000111100111001111100101010 0.8122000098228455 0.7212505295562248
1001111010011110001100010001001111010101010001100111100110010101010 0.8055999875068665 0.7653199881315231
1001100101000110110100111001001101101000010010110010010100000101101 0.7832000255584717 0.6640883550047875
0100100100111010111100001100011100001011010110000001010110011101101 0.7519999742507935 0.632541645007829
1001110101001110010110010011010011101001011001100010111101011010111 0.7192999720573425 0.6693485851089159
1001100101000110110100111001001101101000010110000001000110010101011 0.695900022983551 0.5755673106759787
0100100100111010111100001100011100001011010110000001000110010111011 0.6507999897003174 0.5321645749111971
Generation 4
0101110001001111110011000010010010111010000111100111001000110100110 0.9509000182151794 0.8478858495752017
0100111110100000010011001011010010011010111110001111001110100111011 0.9473000168800354 0.8091520977516968
1001100101000110110110110101001101101000010010110010010111001101101 0.9460999965667725 0.8140402053793272
0100111110100000010011001011010010011010111010000111001101011111011 0.9340999722480774 0.7905794035953779
0100111110100000010011001011010010010010111010000111001101010111011 0.9333000183105469 0.7753195464611053
0000011110100000011100010001001100010101111000100111000110010111011 0.9193999767303467 0.8358181606639515
1101110011001111100000010001001111010100010001110000000000110101010 0.9186999797821045 0.8906285915109846
1101000011001010000101100011000011101100010010110010000111010101011 0.9161999821662903 0.7787699848413467
1100100100101111001111010000011010001010000110111000100111010101101 0.9154000282287598 0.7985911704599857
1001110010011110001100010001001111011011010110100111000110011111011 0.9111999869346619 0.7783166555066903
0000011110100000011110110101001100010101111000101010010101010111101 0.8992999792098999 0.7902939211238514
1101100101000110100110111001001101110100111110000111001111010111001 0.892300009727478 0.7287116746107737
0000011110100000011110110101001100010111110001111000000000110101110 0.8902999758720398 0.8059912660356724
0100100100111010111100001100011100001010011010110010000111010111101 0.8870000243186951 0.7668854376922052
1001100101000110110100111001001101101000010010110010000111010101101 0.8809999823570251 0.7360020685940981
0101110011001111100011000010011100000010010000110000000000110100110 0.8806999921798706 0.8537897146410413
1101000011000010000101100011000011110100011110001111001110100111011 0.8593999743461609 0.7197474785149097
0000000011010101111000010001010010110010000111100111001111100101000 0.8550000190734863 0.7570312668879826
1100100100101111001111010000011010001010000110111000110100000101101 0.8543000221252441 0.7764341346919537
1101000011000010000101100011000011110100011010000111001101011111011 0.8511000275611877 0.7145693981399139
0000000111010101101000010001011100000010010000110000000111100101010 0.8500999808311462 0.7695980887069847
0100111110000000010011001011010010010010111010000111001101110101010 0.838100016117096 0.7071468885987997
0000000101011100111110110101001100010101111000101010010100001101101 0.8282999992370605 0.7341749993237582
1101100101000110110110111001001101110100011110001111001110100111101 0.8281000256538391 0.684907729551196
0000000101011100111110110101000100010101111000101010000100000111011 0.8222000002861023 0.7287681820717725
Generation 5
0101110001001111110011000010010010111010000111100111001000110100110 0.9509000182151794 0.8855256419628859
0000011100100000011110110101001100010111110001111000000000110101100 0.9477999806404114 0.8221446801767205
0100111110100000010011001011010010011010111110001111001110100111011 0.9473000168800354 0.7252765754237771
1001100101000110110110110101001101101000010010110010010111001101101 0.9460999965667725 0.8712004135052362
0000111110100100001100010001001111011011110110100111000110011111011 0.9409000277519226 0.7179263232586285
1101110010011110001100010001001111011011010110100110000100011101011 0.940500020980835 0.8444906438390414
0000011110100000011110110001001100010111110001111000000110110111110 0.9395999908447266 0.8007954467426647
0100111110100000010011001011010010011010111010000111001101011111011 0.9387999773025513 0.6943208165466784
0100111110100000010011001011010010010010111010000111001101010111011 0.9333000183105469 0.682961732149124
0000011110100000011100010001001000010100111000100111000110010111011 0.9312999844551086 0.8078321834856814
1100100100101111001111010000011010001000000110111000100111010101101 0.9265000224113464 0.7503685077341895
0100100100101111001111010000011010001010000110111000110101010101101 0.9254000186920166 0.7783963698893785
0000010110100000011100010101001100010101111000100111000000010101011 0.9232000112533569 0.8147939493258795
0100110100101111001111010000011010001010000110111000100110000101101 0.9193999767303467 0.7733494595934948
1101110011001111100000010001001111010100010001110000000000110101010 0.9186999797821045 0.8855247027344174
1101000011001010000101100011000011101100010010110010000111010101011 0.9161999821662903 0.8436674835781257
1001110011001111100000010001001111010100010001110001000000110111010 0.9132000207901001 0.8802233533726799
1001110010011110001100010001001111011011010110100111000110011111011 0.9111999869346619 0.816283321628968
0100111110100000010011001011010010011011111010001111001101011111011 0.9078999757766724 0.6714676904181639
0100111100100000010011001011010010011010111010000111001101011111011 0.9075000286102295 0.6735351774841547
0100111110100000010011000011010010111010111110001111001100100111010 0.9014000296592712 0.6807448140655955
0000011110100000011110110101001100010101111000101010010101010111101 0.8992999792098999 0.7800746031782844
1101100101000110100110111001001101110100111110000111001111010111001 0.892300009727478 0.8105058421691259
0000011110100000011110110101001100010111110001111000000000110101110 0.8902999758720398 0.7587783885273066
0100100100111010111100001100011100001010011010110010000111010111101 0.8870000243186951 0.7022083525856335
Generation 6
0000011110100000011010100101001100010111110001100111001000110100110 0.9584000110626221 0.8059272820299322
1101110011000000000100010101001111010100010001110000000000010111011 0.9531999826431274 0.8896533171335856
0101110001001111110011000010010010111010000111100111001000110100110 0.9509000182151794 0.875620433439811
0000011100100000011110110101001100010111110001111000000000110101100 0.9477999806404114 0.7682924085494244
0100111110100000010011001011010010011010111110001111001110100111011 0.9473000168800354 0.8338213690246146
1001100101000110110110110101001101101000010010110010010111001101101 0.9460999965667725 0.8692293718457221
1101010011001111100000010001001111010100010001110001000000010101011 0.9458000063896179 0.8669833391904831
0000111110100100001100010001001111011011110110100111000110011111011 0.9409000277519226 0.8183870033050576
1101110010011110001100010001001111011011010110100110000100011101011 0.940500020980835 0.860165644188722
0000011110100000011110110001001100010111110001111000000110110111110 0.9395999908447266 0.7616454471241344
0000011111100000011110110001001111010111110001111000000110110111110 0.9390000104904175 0.7718295540773507
0100111110100000010011001011010010011010111010000111001101011111011 0.9387999773025513 0.8165603969246149
0101100001001111110011000010010010111010000110101111001000111100110 0.9348999857902527 0.8530962370336056
0100111110100000010011001011010010010010111010000111001101010111011 0.9333000183105469 0.8044851720333099
1101110011001111111100010101001101010100011000100111000000110101011 0.9329000115394592 0.8681152885158857
1101100101000110100110111001000011101100111110000110100111010101011 0.932200014591217 0.8486904299507538
0000011110100000011100010001001000010100111000100111000110010111011 0.9312999844551086 0.783138623291796
1100100100101111001111010000011010001000000110111000100111010101101 0.9265000224113464 0.8106875196099281
0100100100101111001111010000011010001010000110111000110101010101101 0.9254000186920166 0.8265942875295877
0100100100101111001111010000011010001010000100111000110001010101101 0.9253000020980835 0.8341719715884237
0000010110100000011100010101001100010101111000100111000000010101011 0.9232000112533569 0.786818191409111
0000001100100000011110110101001000010111110001111000000000110101100 0.9230999946594238 0.762256813771797
0100110100101111001111010000011010001010000110111000100110000101101 0.9193999767303467 0.818840604275465
1101110011001111100000010001001111010100010001110000000000110101010 0.9186999797821045 0.8344858149687449
1101000011001010000101100011000011101100010010110010000111010101011 0.9161999821662903 0.8417587336152792
Generation 7
0000011110100000011010100101001100010111110001100111001000110100110 0.9584000110626221 0.8567515250408289
1101110011000000000100010101001111010100010001110000000000010101011 0.9556999802589417 0.8149997053874863
1101110011000000000100010101001111010100010001110000000000010111011 0.9531999826431274 0.8128677629762225
1101110011000000000100010101001011010100010001110000100111010111011 0.9526000022888184 0.8229405575328403
0101110001001111110011000010010010111010000111100111001000110100110 0.9509000182151794 0.8082650154829025
0000011100100000011110110101001100010111110001111000000000110101100 0.9477999806404114 0.8436855888276389
0100111110100000010011001011010010011010111110001111001110100111011 0.9473000168800354 0.8313544418973227
1001100101000110110110110101001101101000010010110010010111001101101 0.9460999965667725 0.8416347886125247
1101010011001111100000010001001111010100010001110001000000010101011 0.9458000063896179 0.8302022278308868
0101100001001111110011000010010010111110000110101010000111010101110 0.9455000162124634 0.7938260552783807
0101110001001111110001000010010010111100010011110010000111010100011 0.9434000253677368 0.8058208550016085
0000111110100100001100010001001111011011110110100111000110011111011 0.9409000277519226 0.8110362218382458
0000111110100100001100010001001111011011110110100111000111001101101 0.9406999945640564 0.8182130161051948
1101110010011110001100010001001111011011010110100110000100011101011 0.940500020980835 0.8248968934019406
0000011110100000011110110001001100010111110001111000000110110111110 0.9395999908447266 0.8221499919891357
0000011111100000011110110001001111010111110001111000000110110111110 0.9390000104904175 0.8287386456222245
0100111110100000010011001011010010011010111010000111001101011111011 0.9387999773025513 0.80678123049438
0101110001001111001111010000111010001010000111100111001000110101100 0.9386000037193298 0.8036762531846762
1101110011001111111100010101001111010100010001110000000000010111011 0.9381999969482422 0.802682219611274
0101100001001111110011000010010010111010000110101111001000111100110 0.9348999857902527 0.7966126962254444
0100111110100000010011001011010010010010111010000111001101010111011 0.9333000183105469 0.8020547032356262
1101110011001111111100010101001101010100011000100111000000110101011 0.9329000115394592 0.8370186214645704
1101100101000110100110111001000011101100111110000110100111010101011 0.932200014591217 0.8176170961310466
0000011110100000011100010001001000010100111000100111000110010111011 0.9312999844551086 0.8360533951358361
1100100100101111001111010000011010001000000110111000100111010101101 0.9265000224113464 0.8589427291105192
Generation 8
0000011110100000011010100101001100010111110001100111001000110100110 0.9584000110626221 0.8240787973909667
1101110011000000000100010101001111010100010001110000000000010101011 0.9556999802589417 0.7964166502157848
1101110011001111111101010101001101010100011000100111000000110101011 0.9552000164985657 0.8464133479528957
1101110011000000000100010101001111010100010001110000000000010111011 0.9531999826431274 0.7969810965988371
1101110011000000000100010101001011010100010001110000100111010111011 0.9526000022888184 0.8097100019454956
0000011100100000011010110001001111011111110001111000000000110111100 0.951200008392334 0.7674454613165421
0101110001001111110011000010010010111010000111100111001000110100110 0.9509000182151794 0.8181702240059774
0000011100100000011110110101001100010111110001111000000000110101100 0.9477999806404114 0.7647022571076045
0100111110100000010011001011010010011010111110001111001110100111011 0.9473000168800354 0.870825275933991
0000011111100000011110110101001101011111110001111000000110110101110 0.9463000297546387 0.7634920694611289
1001100101000110110110110101001101101000010010110010010111001101101 0.9460999965667725 0.867258330186208
1101010011001111100000010001001111010100010001110001000000010101011 0.9458000063896179 0.7986755609512329
0101100001001111110011000010010010111110000110101010000111010101110 0.9455000162124634 0.8154937639832497
0101110001001111110001000010010010111100010011110010000111010100011 0.9434000253677368 0.8215441887577375
1101010011001111100000010001001100010101110001111011000000010101011 0.9433000087738037 0.8044252852598825
0000111110100100001100010001001111011011110110100111000110011111011 0.9409000277519226 0.8526906501501799
0000111110100100001100010001001111011011110110100111000111001101101 0.9406999945640564 0.8598585887812078
1101110010011110001100010001001111011011010110100110000100011101011 0.940500020980835 0.8425312687953312
0000011110100000011110110001001100010111110001111000000110110111110 0.9395999908447266 0.7545272653753107
0000011111100000011110110001001111010111110001111000000110110111110 0.9390000104904175 0.7576022811911323
0100111110100000010011001011010010011010111010000111001101011111011 0.9387999773025513 0.8556770626455545
0101110001001111001111010000111010001010000111100111001000110101100 0.9386000037193298 0.817364169905583
1101110011001111111100010101001111010100010001110000000000010111011 0.9381999969482422 0.7792272196875678
0000011110110000011010100101001111010100010001110001000000110101110 0.9366999864578247 0.798323852094737
0101100001001111110011000010010010111010000110101111001000111100110 0.9348999857902527 0.8082989460478227
Generation 9
0000011110100000011100000101001100010111110001100110000000110100110 0.9631999731063843 0.835503006974856
0000011110100000011010100101001100010111110001100111001000110100110 0.9584000110626221 0.8313394035353805
1101110011000000000100010101001111010100010001110000000000010101011 0.9556999802589417 0.8070355388853285
1101110011001111111101010101001101010100011000100111000000110101011 0.9552000164985657 0.8331466810570823
1101110011000000000100010101001111010100010001110000000000010111011 0.9531999826431274 0.8128677629762225
1101110011000000000100010101001011010100010001110000100111010111011 0.9526000022888184 0.8255866686503093
0000011100100000011010110001001111011111110001111000000000110111100 0.951200008392334 0.8034757646647367
0101110001001111110011000010010010111010000111100111001000110100110 0.9509000182151794 0.8241133491198223
0000111110100100001100010001001111011011110111100111000110011111011 0.9496999979019165 0.8581924460207423
0101110001001111010110110101001101101000010010110101001111111101100 0.9488000273704529 0.8143866901596388
0000011100100000011110110101001100010111110001111000000000110101100 0.9477999806404114 0.8006037715258021
0100111110100000010011001011010010011010111110001111001110100111011 0.9473000168800354 0.8732922030612826
0000011111100000011110110101001101011111110001111000000110110101110 0.9463000297546387 0.8029212373675723
1001100101000110110110110101001101101000010010110010010111001101101 0.9460999965667725 0.8337506219744683
1101110011001111111101010101001101010101011000100110010110011101001 0.9459999799728394 0.8277499824762344
1101010011001111100000010001001111010100010001110001000000010101011 0.9458000063896179 0.8065572276711463
0101100001001111110011000010010010111110000110101010000111010101110 0.9455000162124634 0.797765638679266
0101110001001111110001000010010010111100010011110010000111000101001 0.944100022315979 0.7906837686896324
0101110001001111110001000010010010111100010011110010000111010100011 0.9434000253677368 0.7940283546845118
1101010011001111100000010001001100010101110001111011000000010101011 0.9433000087738037 0.8096658408641816
1101110010011110001100010001001011011011111110001111000100011101011 0.942300021648407 0.8205862688521545
0000111110100100001100010001001111011011110110100111000110011111011 0.9409000277519226 0.845339868683368
0000111110100100001100010001001111011011110110100111000111001101101 0.9406999945640564 0.8574088492120306
1101110010011110001100010001001111011011010110100110000100011101011 0.940500020980835 0.8111812680959702
0000011110100000011110110001001100010111110001111000000110110111110 0.9395999908447266 0.7901181741194292
Generation 10
0000011110100000011100000101001100010111110001100110000000110100110 0.9631999731063843 0.8464484612147013
0000111110100100010110110101001110011011110111100111000110011101100 0.9623000025749207 0.8670723981534441
0000111111000000000100010101001111010100010001110011000110010111011 0.961899995803833 0.8671674204595161
0000011110100000011010100101001100010111110001100111001000110100110 0.9584000110626221 0.8386000096797943
1101110011000000000100010101001111010100010001110000000000010101011 0.9556999802589417 0.8070355388853285
1101110011001111111101010101001101010100011000100111000000110101011 0.9552000164985657 0.8331466810570823
0000111110100100001100010001001111010011110110100111000110011111011 0.9545999765396118 0.8551624789834023
1101110011000000000100010101001111010100010001110000000000010111011 0.9531999826431274 0.8128677629762225
1101110011000000000100010101001011010100010001110000100111010111011 0.9526000022888184 0.8255866686503093
0000011100100000011010110001001111011111110001111000000000110111100 0.951200008392334 0.8178878860040144
0101110001001111110011000010010010111010000111100111001000110100110 0.9509000182151794 0.8161891823013624
0000111110100100001100010001001111011011110111100111000110011111011 0.9496999979019165 0.8507729147871336
0101110001001111010110110101001101101000010010110101001111111101100 0.9488000273704529 0.8203166903307041
0000011100100000011110110101001100010111110001111000000000110101100 0.9477999806404114 0.814964377293081
0100111110100000010011001011010010011010111110001111001110100111011 0.9473000168800354 0.8732922030612826
0000011111100000011110110101001101011111110001111000000110110101110 0.9463000297546387 0.8136746467966022
1001100101000110110110110101001101101000010010110010010111001101101 0.9460999965667725 0.8357216636339823
1101110011001111111101010101001101010101011000100110010110011101001 0.9459999799728394 0.8277499824762344
1101010011001111100000010001001111010100010001110001000000010101011 0.9458000063896179 0.8065572276711463
0101100001001111110011000010010010111110000110101010000111010101110 0.9455000162124634 0.7859468884766102
0101110001001111110001000010010010111100010011110010000111000101001 0.944100022315979 0.7729818932712078
0101110001001111110001000010010010111100010011110010000111010100011 0.9434000253677368 0.7724087707698345
1101010011001111100000010001001100010101110001111011000000010101011 0.9433000087738037 0.8096658408641816
1101110010011110001100010001001011011011111110001111000100011101011 0.942300021648407 0.8441437693933647
0101110000001111110001000010010010111100010011111010000111010100011 0.9419999718666077 0.7849999765555065
Generation 11
0000111111000000000100010101001111010100010001110011001110011111011 0.968500018119812 0.8731174405777092
0000011110100000011100000101001100010111110001100110000000110100110 0.9631999731063843 0.8464484612147013
0000111110100100010110110101001110011011110111100111000110011101100 0.9623000025749207 0.7793627625020842
0000011110100000011010100101001100010111110001100111001000110100110 0.9584000110626221 0.8386000096797943
0000111110100100010110110101011110011011110111100110010110011100100 0.9569000005722046 0.8024005213131506
0000111110100100001100010001001111010011110110100111000110110111011 0.9567999839782715 0.7749083203574022
1101110011000000000100010101001111010100010001110000000000010101011 0.9556999802589417 0.8282733162244161
1101110011001111111101010101001101010100011000100111000000110101011 0.9552000164985657 0.8570266814695464
0000011100100010011110110100001100010111010001111000000000100101100 0.9549000263214111 0.8210693408142437
0000111110100100001100010001001111010011110110100111000110011111011 0.9545999765396118 0.7656687311828136
1101110011000000000100010101001111010100010001110000000000010111011 0.9531999826431274 0.8314022070831723
1101110011000000000100010101001011010100010001110000100111010111011 0.9526000022888184 0.8414633353551229
0000011100100000011010110001001111011111110001111000000000110111100 0.951200008392334 0.8178878860040144
0101110001001111110011000010010010111010000111100111001000110100110 0.9509000182151794 0.8558100163936615
0000111110100100001100010001001111011011110111100111000110011111011 0.9496999979019165 0.7642117170616984
1100111110100000010011001101001101010100111110001111001000110101011 0.949400007724762 0.7985838606643181
0101110001001111010110110101001101101000010010110101001111111101100 0.9488000273704529 0.8539200246334077
0100111110100000010011001011010010011010111110001111001110100111011 0.9473000168800354 0.7943505349879463
0000011111100000011110110101001101011111110001111000000110110101110 0.9463000297546387 0.8136746467966022
1001100101000110110110110101001101101000010010110010010111001101101 0.9460999965667725 0.8633162468671799
1101110011001111111101010101001101010101011000100110010110011101001 0.9459999799728394 0.8487722042534087
1101010011001111100000010001001111010100010001110001000000010101011 0.9458000063896179 0.8407111167907715
0101100001001111110011000010010010111110000110101010000111010101110 0.9455000162124634 0.8273125141859055
0101110001001111110001000010010010111100010011110010000111000101001 0.944100022315979 0.8162531442940235
0101110001001111110001000010010010111100010011110010000111010100011 0.9434000253677368 0.8195787720382214
Generation 12
0000111111000000000100010101001111010100010001110011001110011111011 0.968500018119812 0.8731174405777092
0000011110100000011100000101001100010111110001100110000000110100110 0.9631999731063843 0.8464484612147013
0000111110100100010110110101001110011011110111100111000110011101100 0.9623000025749207 0.7618208353718121
0000011110100000011010100101001101101000010010110010001001111101100 0.9592999815940857 0.8343911298240224
0000011110100000011010100101001100010111110001100111001000110100110 0.9584000110626221 0.8386000096797943
1101110011001111111101010101001101010100011000100110000000110101011 0.9577999711036682 0.8274327528145579
0000111110100100010110110101011110011011110111100110010110011100100 0.9569000005722046 0.78744895880421
0000111110100100001100010001001111010011110110100111000110110111011 0.9567999839782715 0.7574666539827982
1101110011000000000100010101001111010100010001110000000000010101011 0.9556999802589417 0.780488317211469
1101110011001111111101010101001101010100011000100111000000110101011 0.9552000164985657 0.8225333475404316
0000011100100010011110110100001100010111010001111000000000100101100 0.9549000263214111 0.8210693408142437
0000111110100100001100010001001111010011110110100111000110011111011 0.9545999765396118 0.748267169110477
1101110011000000000100010101001111010100010001110000000000010111011 0.9531999826431274 0.7810944302214516
1101110011000000000100010101001011010100010001110000100111010111011 0.9526000022888184 0.7964794463581509
0000011100100000011010110001001111011111110001111000000000110111100 0.951200008392334 0.8178878860040144
0101110001001111110011000010010010111010000111100111001000110100110 0.9509000182151794 0.9271275177598
1101110011000000000100010101001111010100010001110011000010011111011 0.949999988079071 0.7811111013094584
0101110001001111010100000101001100010111110001100101001111111100110 0.949999988079071 0.8444444338480631
0000111110100100001100010001001111011011110111100111000110011111011 0.9496999979019165 0.749372654594481
1100111110100000010011001101001101010100111110001111001000110101011 0.949400007724762 0.7738599021298189
0101110001001111010110110101001101101000010010110101001111111101100 0.9488000273704529 0.909266692896684
0100111110100000010011001011010010011010111110001111001110100111011 0.9473000168800354 0.777082045096904
0000011111100000011110110101001101011111110001111000000110110101110 0.9463000297546387 0.8136746467966022
1001100101000110110110110101001101101000010010110010010111001101101 0.9460999965667725 0.9185054133335749
1101010011001111100000010001001111010100010001110001000000010101011 0.9458000063896179 0.8013027831912041
Generation 13
0000111111000000000100010101001111010100010001110011001110011111011 0.968500018119812 0.8804545619271018
0000011110100000011100000101001100010111110001100110000000110100110 0.9631999731063843 0.831854522228241
0000111110100100010110110101001110011011110111100111000110011101100 0.9623000025749207 0.7843747416821618
0000011110100000011110000101001100010111110001010110000000110100110 0.9621000289916992 0.8345488887844664
0101110001001111010110110101001101101000010000110101001111111101100 0.9603000283241272 0.81358752399683
0000011110100000011010100101001101101000010010110010001001111101100 0.9592999815940857 0.8518783690718313
0000011110100000011010100101001100010111110001100111001000110100110 0.9584000110626221 0.8277091004631736
0101110001001111010110110100001111101000010010110101101111111101100 0.9578999876976013 0.9199831131845713
1101110011001111111101010101001101010100011000100110000000110101011 0.9577999711036682 0.8008271980616781
0101110001001111110011000010011101101000010010100010001001111101100 0.9577000141143799 0.9078198050459225
0000111110100100010110110101011110011011110111100110010110011100100 0.9569000005722046 0.8048924483979742
0000111110100100001100010001001111010011110110100111000110110111011 0.9567999839782715 0.7873666534821192
1101110011000000000100010101001111010100010001110000000000010101011 0.9556999802589417 0.7672147063745393
1101111011001111110101010100001100010111010001111000000000100101011 0.9556999802589417 0.8017260945505567
1101110011001111111101010101001101010100011000100111000000110101011 0.9552000164985657 0.7960000137488048
0000011100100010011110110100001100010111010001111000000000100101100 0.9549000263214111 0.8355375230312347
0000111110100100001100010001001111010011110110100111000110011111011 0.9545999765396118 0.7756124809384346
1101110011000000000100010101001111010100010001110000000000010111011 0.9531999826431274 0.7705033193031947
1101110011000000000100010101001011010100010001110000100111010111011 0.9526000022888184 0.788541113005744
0000011100100000011010110001001111011111110001111000000000110111100 0.951200008392334 0.8286969770084728
0101110001001111110011000010010010111010000111100111001000110100110 0.9509000182151794 0.9073171007136503
1101110011000000000100010101001111010100010001110011000010011111011 0.949999988079071 0.7731944347421328
0101110001001111010100000101001100010111110001100101001111111100110 0.949999988079071 0.8206944341460864
0000111110100100001100010001001111011011110111100111000110011111011 0.9496999979019165 0.7741044253731767
1100111110100000010011001101001101010100111110001111001000110101011 0.949400007724762 0.8060010482246678
Generation 14
0000111111000000000100010101001111010100010001110011001110011111011 0.968500018119812 0.840100394505443
0000011111100000011110000110001101101000010001010110001000110100110 0.9632999897003174 0.7772079462354833
0000011110100000011100000101001100010111110001100110000000110100110 0.9631999731063843 0.7661817967891694
0000111110100100010110110101001110011011110111100111000110011101100 0.9623000025749207 0.8470244814331334
0000011110100000011110000101001100010111110001010110000000110100110 0.9621000289916992 0.7689511595350322
0101110001001111010110110101001101101000010000110101001111111101100 0.9603000283241272 0.8055850237607957
0000011110100000011010100101001101101000010010110010001001111101100 0.9592999815940857 0.8918492016382515
0000011100100010011110110100001111101000010001111000000011111101100 0.9592999815940857 0.7994166513284048
0000011110100000010010100101001100010111110001100111001000110100110 0.9592000246047974 0.7630000195719979
0000011110000000011010100111001100010101110001100111001000110100110 0.9591000080108643 0.7774522792209279
0101110001001111010110110100001111101000010010110101101111111101100 0.9578999876976013 0.9199831131845713
1101110011001111111101010101001101010100011000100110000000110101011 0.9577999711036682 0.7768821987840865
0101110001001111110011000010011101101000010010100010001001111101100 0.9577000141143799 0.9078198050459225
0000111110100100010110110101011110011011110111100110010110011100100 0.9569000005722046 0.8547309900944431
0000111110100100001100010001001111010011110110100111000110110111011 0.9567999839782715 0.8496583191057047
0101110011001111111101010111001101010111110000100111000010110100110 0.9560999870300293 0.7861266560024684
0000011100100000011011000010011101101000010001111000000001110111100 0.9559000134468079 0.7929625111547384
1101110011000000000100010101001111010100010001110000000000010101011 0.9556999802589417 0.783143039378855
1101111011001111110101010100001100010111010001111000000000100101011 0.9556999802589417 0.7911072058810128
1101110011001111111101010101001101010100011000100111000000110101011 0.9552000164985657 0.7721200133363406
0000111110100100001100010001001111010011110110100111000110011111011 0.9545999765396118 0.8377609169110656
1101110011000000000100010101001111010100010001110000000000010111011 0.9531999826431274 0.7916855411397086
1101110011000000000100010101001011010100010001110000100111010111011 0.9526000022888184 0.8097100019454956
0101110001001111110011000010010010111010000111100111001000110100110 0.9509000182151794 0.9073171007136503
1101110001001111010100000101001100110100011001100100001101111101011 0.9502999782562256 0.7945563707086776
Generation 15
0000111111000000000100010101001111010100010001110011001110011111011 0.968500018119812 0.810751909107873
0000011111100000011110000110001101101000010001010110001000110100110 0.9632999897003174 0.7626124918460846
0000011110100000011100000101001100010111110001100110000000110100110 0.9631999731063843 0.7479393730560938
0000111110100100010110110101001110011011110111100111000110011101100 0.9623000025749207 0.8470244814331334
0101110011001111111101010111011101101011110000100111000010111101100 0.9621999859809875 0.7804510997401344
0000011110100000011110000101001100010111110001010110000000110100110 0.9621000289916992 0.7507295680768562
0101110001000111010110110101001101101000010000110101001111111100100 0.961899995803833 0.8095991631348928
0000111110100100000100010101001111010010010001110011000110110111011 0.9605000019073486 0.8004166682561239
0101110001001111010110110101001101101000010000110101001111111101100 0.9603000283241272 0.7975825235247611
0000011110100000011010100101001101101000010010110010001001111101100 0.9592999815940857 0.8918492016382515
0000011100100010011110110100001111101000010001111000000011111101100 0.9592999815940857 0.7812480910709411
0000011110100000010010100101001100010111110001100111001000110100110 0.9592000246047974 0.741200019012798
0000011110000000011010100111001100010101110001100111001000110100110 0.9591000080108643 0.7592875063419342
0101110001001111010110110100001111101000010010110101101111111101100 0.9578999876976013 0.9359481129795313
1101110011001111111101010101001101010100011000100110000000110101011 0.9577999711036682 0.7795427542593744
0101110001001111110011000010011101101000010010100010001001111101100 0.9577000141143799 0.9357527221242586
0000111110100100010110110101011110011011110111100110010110011100100 0.9569000005722046 0.8547309900944431
0000111110100100001100010001001111010011110110100111000110110111011 0.9567999839782715 0.8496583191057047
0101110011001111111101010111001101010111110000100111000010110100110 0.9560999870300293 0.7834708227051629
0000011100100000011011000010011101101000010001111000000001110111100 0.9559000134468079 0.7712375108491292
1101110011000000000100010101001111010100010001110000000000010101011 0.9556999802589417 0.7857977615462409
1101111011001111110101010100001100010111010001111000000000100101011 0.9556999802589417 0.7990713723831707
0000111110100100001100010001001111010011110110100111000110011111011 0.9545999765396118 0.8377609169110656
1101110011000000000100010101001111010100010001110000000000010111011 0.9531999826431274 0.7916855411397087
1101110011000000000100010101001011010100010001110000100111010111011 0.9526000022888184 0.8097100019454956
Generation 16
0000111111000000000100010101001111010100010001110011001110011111011 0.968500018119812 0.7850719843849991
0000011111100000011110000110001101101000010001010110001000110100110 0.9632999897003174 0.7370704466646367
0000011110100000011100000101001100010111110001100110000000110100110 0.9631999731063843 0.7223999798297882
0000111110100100010110110101001110011011110111100111000110011101100 0.9623000025749207 0.8821083356936772
0101110011001111111101010111011101101011110000100111000010111101100 0.9621999859809875 0.8045060993896591
0000011110100000011110000101001100010111110001010110000000110100110 0.9621000289916992 0.7252193400354097
0101110001000111010110110101001101101000010000110101001111111100100 0.961899995803833 0.8389905518955655
0101110001001111110011000010011101101000010010100010001111111101100 0.9610000252723694 0.8709062729030848
0000111110100100000100010101001111010010010001110011000110110111011 0.9605000019073486 0.7749488651752472
0101110001001111010110110101001101101000010000110101001111111101100 0.9603000283241272 0.8215900242328643
0000011110100000011010100101001101101000010010110010001001111101100 0.9592999815940857 0.9093364408860604
0000011100100010011110110100001111101000010001111000000011111101100 0.9592999815940857 0.7558121067104917
0000011110100000010010100101001100010111110001100111001000110100110 0.9592000246047974 0.7121333516005314
0000011110000000011010100111001100010101110001100111001000110100110 0.9591000080108643 0.7338568243113431
0101110001001111010110110100001111101000010010110101101111111101100 0.9578999876976013 0.8800706136971712
1101110011001111111101010101001101010100011000100110000000110101011 0.9577999711036682 0.8034877535369661
0101110001001111110011000010011101101000010010100010001001111101100 0.9577000141143799 0.8679156377911568
0101110001001111010110110100001111101000000110110010001001111101100 0.9571999907493591 0.8674624916166067
0000111110100100010110110101011110011011110111100110010110011100100 0.9569000005722046 0.8846341151123245
0000111110100100001100010001001111010011110110100111000110110111011 0.9567999839782715 0.8845416518549124
0000011100100000011011000010011101101000010001110111000010110111100 0.9563000202178955 0.720847363724853
0101110011001111111101010111001101010111110000100111000010110100110 0.9560999870300293 0.8073733223809136
0000011100100000011011000010011101101000010001111000000001110111100 0.9559000134468079 0.7422708437749833
1101110011000000000100010101001111010100010001110000000000010101011 0.9556999802589417 0.8574752600656615
1101111011001111110101010100001100010111010001111000000000100101011 0.9556999802589417 0.833582760559188
Generation 17
0000111111000000000100010101001111010100010001110011001110011111011 0.968500018119812 0.8327632731560505
1101111011001111110101010100001100010111010001111000000000100101011 0.9649999737739563 0.8282916441559792
0000011111100000011110000110001101101000010001010110001000110100110 0.9632999897003174 0.7845056734301826
0000011110100000011100000101001100010111110001100110000000110100110 0.9631999731063843 0.7698302815357844
0000111110100100010110110111011110011011110111100110010110111101100 0.9628999829292297 0.8249846207909286
1101111011001110100101010100001100010111010001111000000000100101011 0.9624000191688538 0.8394266833861669
0000111110100100010110110101001110011011110111100111000110011101100 0.9623000025749207 0.8194585959427059
0101110011001111111101010111011101101011110000100111000010111101100 0.9621999859809875 0.801833321650823
0000011110100000011110000101001100010111110001010110000000110100110 0.9621000289916992 0.7725954778266675
0101110001000111010110110101001101101000010000110101001111111100100 0.961899995803833 0.8443344407611423
0101110001001111010110110100001111101000010010110101101111111101100 0.9614999890327454 0.8833781149238348
0101110001001111110011000010011101101000010010100010001111111101100 0.9610000252723694 0.8709062729030848
0000111110100100000100010101001111010010010001110011000110110111011 0.9605000019073486 0.8222462137540182
0101110001001111010110110101001101101000010000110101001111111101100 0.9603000283241272 0.8215900242328643
0000011110100000011010100101001101101000010010110010001001111101100 0.9592999815940857 0.8743619623904427
0000011100100010011110110100001111101000010001111000000011111101100 0.9592999815940857 0.8175852115858685
0000011110100000010010100101001100010111110001100111001000110100110 0.9592000246047974 0.7630000195719978
0000011110000000011010100111001100010101110001100111001000110100110 0.9591000080108643 0.7774522792209277
1101110011001111111101010101001101010100011000100110000000110101011 0.9577999711036682 0.7955060871111023
0101110001001111110011000010011101101000010010100010001001111101100 0.9577000141143799 0.8679156377911568
0101110011001111111101010101011101101011110000100110000010011100100 0.9575999975204468 0.8033199979199304
0101110001001111010110110100001111101000000110110010001001111101100 0.9571999907493591 0.8674624916166067
0000111110100100010110110101011110011011110111100110010110011100100 0.9569000005722046 0.8223359379917383
0000111110100100001100010001001111010011110110100111000110110111011 0.9567999839782715 0.8347083193560442
0000111110100100000110110100011110011011110111100111101111011100100 0.9567000269889832 0.839603929935644
Generation 18
0000111111000000000100010101001111010100010001110011001110011111011 0.968500018119812 0.8327632731560505
1101111011001111110101010100001100010111010001111000000000100101011 0.9649999737739563 0.7854027564326922
0101110001000111010110110101001101101000010000110010001001111101100 0.9642999768257141 0.7714399814605712
0101110001001111010110110100001111101000000010110101101101111101100 0.9638000130653381 0.8393091780443986
0000011111100000011110000110001101101000010001010110001000110100110 0.9632999897003174 0.7845056734301826
0000011110100000011100000101001100010111110001100110000000110100110 0.9631999731063843 0.7698302815357844
0000111110100100010110110111011110011011110111100110010110111101100 0.9628999829292297 0.9102413901127875
1101111011001110100101010100001100010111010001111000000000100101011 0.9624000191688538 0.7939800158143043
0000111110100100010110110101001110011011110111100111000110011101100 0.9623000025749207 0.9121802107741435
0101110011001111111101010111011101101011110000100111000010111101100 0.9621999859809875 0.7777783220012983
0000011110100000011110000101001100010111110001010110000000110100110 0.9621000289916992 0.7725954778266675
0101110001000111010110110101001101101000010000110101001111111100100 0.961899995803833 0.7882236076725854
0101110001001111010110110100001111101000010010110101101111111101100 0.9614999890327454 0.8353031154721976
0101110001001111110011000010011101101000010010100010001111111101100 0.9610000252723694 0.8628979393591484
0000111110100100000100010101001111010010010001110011000110110111011 0.9605000019073486 0.8222462137540182
0101110001001111010110110101001101101000010000110101001111111101100 0.9603000283241272 0.7655725225806237
0101110011001111010110110100001111100000010110110110001011111101100 0.9603000283241272 0.8382618997246027
1101111011001110100101010100001111010100010001110011001110100101011 0.9593999981880188 0.7835099985202153
0000011110100000011010100101001101101000010010110010001001111101100 0.9592999815940857 0.9218273260630667
0000011100100010011110110100001111101000010001111000000011111101100 0.9592999815940857 0.8175852115858685
0101110001000110010110110101001101101000010000110010001001111100100 0.9592999815940857 0.7860930404729313
0000011110100000010010100101001100010111110001100111001000110100110 0.9592000246047974 0.7630000195719978
0000011110000000011010100111001100010101110001100111001000110100110 0.9591000080108643 0.7774522792209277
0101110001001111010110110100001111111000001110110010001001111101100 0.9581000208854675 0.8323493931442499
1101110011001111111101010101001101010100011000100110000000110101011 0.9577999711036682 0.7715610878335105
Generation 19
0101110001000111010110110001001101101111010001111101001111100100100 0.9700999855995178 0.8138060990307067
0000111111000000000100010101001111010100010001110011001110011111011 0.968500018119812 0.8731174405777092
0000111110100100010110110101001110011011110111100010001011011101100 0.9677000045776367 0.8517776081959407
1101111011001111110101010100001100010000001110110010001001100001111 0.9656000137329102 0.8690400123596191
0101110001000111010110110100001101101000000100110101001111111100100 0.9653000235557556 0.8070980752507846
1101111011001111110101010100001100010111010001111000000000100101011 0.9649999737739563 0.8068472002943358
0101110001000111010110110101001101101000010000110010001001111101100 0.9642999768257141 0.8009047029746903
0101110001001111010110110100001111101000000010110101101101111101100 0.9638000130653381 0.8252537611871957
0000011111100000011110000110001101101000010001010110001000110100110 0.9632999897003174 0.839238627390428
0000011110100000011100000101001100010111110001100110000000110100110 0.9631999731063843 0.8391514917214712
0000111110100100010110110111011110011011110111100110010110111101100 0.9628999829292297 0.8525676932185888
1101111011001110100101010100001100010111010001111000000000100101011 0.9624000191688538 0.8126933495203654
0000111110100100010110110101001110011011110111100111000110011101100 0.9623000025749207 0.8445184918430944
0101110011001111111101010111011101101011110000100111000010111101100 0.9621999859809875 0.8151972103450034
0000011110100000011110000101001100010111110001010110000000110100110 0.9621000289916992 0.8345488887844664
0101110001001111010110110100001111101000010010110101101111111101100 0.9614999890327454 0.8232843656092882
0101110001001111110011000010011101101000010010100010001111111101100 0.9610000252723694 0.836870855341355
0101110011001111010110110100001111100000010110110110001011111101100 0.9606000185012817 0.8285175159573556
0000111110100100000100010101001111010010010001110011000110110111011 0.9605000019073486 0.8622670471668243
0101110001001111010110110101001101101000010000110101001111111101100 0.9603000283241272 0.7869125232100487
0000111110100100010110110101001110011010110111100111000111011101100 0.9602000117301941 0.8401750102639198
0101110001001111110011000010011101101000010010100001101101111101100 0.9602000117301941 0.8361741768817107
1101111011001110100101010100001111010100010001110011001110100101011 0.9593999981880188 0.8074949984749158
0000011110100000011010100101001101101000010010110010001001111101100 0.9592999815940857 0.876860139425844
0000011100100010011110110100001111101000010001111000000011111101100 0.9592999815940857 0.8575560441522887
Generation 20
0101110001000111010110110001001101101111010001111101001111100100100 0.9700999855995178 0.8138060990307067
0000111111000000000100010101001111010100010001110011001110011111011 0.968500018119812 0.8731174405777092
0000111110100100010110110101001110011011110111100010001011011101100 0.9677000045776367 0.8517776081959407
0000011111100000011100000100001101101000010001010110000000110100110 0.9660000205039978 0.8415909269542405
1101111011001111110101010100001100010000001110110010001001100001111 0.9656000137329102 0.8690400123596191
0101110001000111010110110100001101101000000100110101001111111100100 0.9653000235557556 0.8070980752507846
1101111011001111110101010100001100010111010001111000000000100101011 0.9649999737739563 0.8068472002943358
0101110001000111010110110101001101101000010000110010001001111101100 0.9642999768257141 0.8009047029746903
0101110001001111010110110100001111101000000010110101101101111101100 0.9638000130653381 0.8252537611871957
0000011110100000011100000101001100010111110001100110000000110100110 0.9631999731063843 0.8391514917214712
0000111110100100010110110111011110011011110111100110010110111101100 0.9628999829292297 0.8525676932185888
1101111011001110100101010100001100010111010001111000000000100101011 0.9624000191688538 0.8126933495203654
0000111110100100010110110101001110011011110111100111000110011101100 0.9623000025749207 0.8445184918430944
0101110011001111111101010111011101101011110000100111000010111101100 0.9621999859809875 0.8151972103450034
0000011110100000011110000101001100010111110001010110000000110100110 0.9621000289916992 0.8345488887844664
0101110001001111010110110100001111101000010010110101101111111101100 0.9614999890327454 0.8232843656092882
0101110001001111110011000010011101101000010010100010001111111101100 0.9610000252723694 0.836870855341355
0101110011001111010110110100001111100000010110110110001011111101100 0.9606000185012817 0.8285175159573556
0000111110100100000100010101001111010010010001110011000110110111011 0.9605000019073486 0.8622670471668243
0101110001001111010110110101001101101000010000110101001111111101100 0.9603000283241272 0.7869125232100487
0000111110100100010110110101001110011010110111100111000111011101100 0.9602000117301941 0.8401750102639198
0101110001001111110011000010011101101000010010100001101101111101100 0.9602000117301941 0.8361741768817107
1101111011001110100101010100001111010100010001110011001110100101011 0.9593999981880188 0.8074949984749158
0000011110100000011010100101001101101000010010110010001001111101100 0.9592999815940857 0.876860139425844
0000011100100010011110110100001111101000010001111000000011111101100 0.9592999815940857 0.8575560441522887
[0.9161999821662903, 0.9333000183105469, 0.9333000183105469, 0.9509000182151794, 0.9509000182151794, 0.9584000110626221, 0.9584000110626221, 0.9584000110626221, 0.9631999731063843, 0.9631999731063843, 0.968500018119812, 0.968500018119812, 0.968500018119812, 0.968500018119812, 0.968500018119812, 0.968500018119812, 0.968500018119812, 0.968500018119812, 0.9700999855995178, 0.9700999855995178]