CURRENT POPULATION
110010010101001011000101001110110001001100100111100010110110111100101 0.9807000160217285 0.8729716051708568
111101000100001000000001110101000110101110100111110010110111001100100 0.9804999828338623 0.9058967232704163
100111010000101011000101001100011100110101100111100011111101101100101 0.9804999828338623 0.8225305411550734
100111010000101011000101000100011100110101100111001011111100011100101 0.9793999791145325 0.8107255382670298
111101000100001000000001001001000110101110100111110010110111001100101 0.9793999791145325 0.9084289661352185
110110010000101011000101000000011100110101000111001111111100011100101 0.9790999889373779 0.8186363796393077
110110010000101011100101001000010100110100101111001101111100001100101 0.9790999889373779 0.846513532102108
110110010000101011000101000100100001101101010111001111111111010010111 0.9789000153541565 0.8293458463417159
110010010001001011100101001100110000110101101111100010110100110100101 0.9783999919891357 0.8255249932408333
110010010001101011100101001000010100110100101111100011111100111100101 0.9783999919891357 0.8280729098866383
110010010001101011100101001010110000110101101111100010111100100100101 0.9783999919891357 0.8306208265324434
100111010000101011000101001100011100110101101111100011111101101100101 0.9782000184059143 0.8763041831552982
110010010101001011001101001110110000110101101111100011111100111100101 0.9778000116348267 0.8377505308017135
100111010000101011000101001100011001001100100111100010011101100100101 0.9776999950408936 0.8256133291456434
110010010001001011100101001100110001001100101111000010110100110100101 0.9775000214576721 0.8298567890500029
110010010001001011100101001100110001001100100111000010110100100100101 0.977400004863739 0.8552250042557716
110010010001101011100101001000010001001100100111001011111100111100101 0.977400004863739 0.8515227315100756
111111000100001000000001110101000110001110100111110010110111110100100 0.977400004863739 0.9065739175547725
110110010000101011100101001000010100110101111101001101111100011100101 0.9771000146865845 0.8549625128507614
110010010001101011110101001001000110101100101111001110110111001100101 0.9768999814987183 0.870051546022296
100111010000101011000101001100011100110101000001001000011101100100101 0.9767000079154968 0.8301950067281723
110010010101101011100101001000010001001000100111001011111100001100101 0.9765999913215637 0.8545249924063683
110010010001001011100101001100110001001100100111001011111100001100101 0.9764999747276306 0.8470397508054068
110110010000101011100101001000010100110100101111001101110111001100101 0.9764999747276306 0.8442656031499307
110110010000101011100101011001000110101100101111001110110111001100101 0.9764000177383423 0.8543500155210495
TRACKER INFO
30
0.9656999707221985 0.9656999707221985 0.9718999862670898 0.9722999930381775 0.977400004863739 0.977400004863739 0.977400004863739 0.977400004863739 0.977400004863739 0.977400004863739 0.977400004863739 0.977400004863739 0.9790999889373779 0.9790999889373779 0.9790999889373779 0.9790999889373779 0.9804999828338623 0.9804999828338623 0.9804999828338623 0.9804999828338623 0.9804999828338623 0.9804999828338623 0.9804999828338623 0.9804999828338623 0.9807000160217285 0.9807000160217285 0.9807000160217285 0.9807000160217285 0.9807000160217285 0.9807000160217285
POPULATION HISTORY
	Generation 0
110001001010001111011001101100101001000000100001000111010111101011100 0.3808000087738037 0.3389697047797116
111101001100001000000001110101000110101110111100110010110111001100100 0.9656999707221985 0.9656999707221985
100000101100110110111011011000011001001101110100101110101100001001111 0.17309999465942383 0.15605226791266238
100111010100101011110011001111111011101110000110111000011001100100000 0.7014999985694885 0.6839624986052513
100001011111010100001100111101111011001010011010100011101010001010011 0.10109999775886536 0.0929382791897903
010001111010100111100110110101100101111001001101111010010110000011000 0.09839999675750732 0.08917499706149101
010010111000111001111100100001110011000010001110000000000011000101010 0.8370000123977661 0.7563515737031897
010000101101111111001110011110011101110010001001100011110011100000000 0.11140000075101852 0.10240677152372277
010111110000001111101011011111011111000001111111100011110011101011101 0.9362000226974487 0.9088941887021065
101001111100010111110001001000111100010011101010111000100011101101111 0.11349999904632568 0.11349999904632568
110010010001001011100101001000011100110101010001000000110100111100101 0.9192000031471252 0.8286727301099084
100011110111110101100111010110001111000010101110101110010110000010001 0.1031000018119812 0.09182343911379576
010001001101011110011111000010011000010100000100110000000010000010101 0.14949999749660492 0.13251136141744527
110110010000101011000101000100100001001101011101101101111000010010111 0.9541000127792358 0.9262720957398415
010001100001111100101111111111110010000001010010111001000111010110001 0.08760000020265579 0.07930454563801036
000010110001000100000100111101111000111110101010101100111001100001101 0.7340999841690063 0.6710132667794824
000000001101011010000101001100000111011110010111001111110011001010010 0.19539999961853027 0.17319545420733365
010111111000100100110000110001101111011000100011100100010011110100110 0.11349999904632568 0.11066249907016754
000010110001101111111110111000001011011100100101100011110100111000110 0.3662000000476837 0.3301348485278361
000011001011101100111010001100111010100100100010010011000101010011011 0.16279999911785126 0.1479999991980466
000100010101011000011000011010100011111011100010111101111010101110101 0.10320000350475311 0.10090667009353638
110001000110001100001111011010111101000100001110111000101100000000010 0.07989999651908875 0.07199322603022058
110100100000101100110100001001001010001011111110100011101101010100110 0.921999990940094 0.8951083245376745
110011011111110101000110111010101100011111111111011101011111010000011 0.10329999774694443 0.09361562295816839
010010000100111100001010110001110011111010110100001111110000111111011 0.2574999928474426 0.23018938754544113
	Generation 1
111101001100001000000001110101000110101110111100110010110111001100100 0.9656999707221985 0.9312106860535485
110110010000101011000101000100100001001101011101101101111000010010111 0.9541000127792358 0.9123581372201444
110010010011001011100101001000011100110101010001000000110100111100101 0.9509999752044678 0.7492727077368535
010111110000001111101011011111011111000001111111100001110011101011101 0.9401999711990356 0.8775199731190999
010111110000001111101011011111011111000001111111100011110011101011101 0.9381999969482422 0.8736987471580505
000010110001101111111100101100000111011100100111001111110011111000110 0.9347000122070312 0.7612140250928474
110100100000101100110100001001001010001011111110100011101101010100110 0.921999990940094 0.8835833246509235
110010010001001011100101001000011100110101010001000000110100111100101 0.9192000031471252 0.7137727297165178
100111010000101011110011001111111011101110110100011000011001100111010 0.9023000001907349 0.8521722224023607
110010010001001001111100100001110111000010001110000000000011010100100 0.8927000164985657 0.8206330880833169
110010010001001011100101001000011100110101010001000001110100111100101 0.8792999982833862 0.6661363623358987
010010111000111001111100100001110011000010001110000000000011000101010 0.8370000123977661 0.7716093864291906
010011110000001110000101001100011111011110010111001111110011101010100 0.8263999819755554 0.682406045722239
010010111000111011100101101000011100110101010001000001110110101101011 0.7764000296592712 0.6440591155128046
010010000100111100001010110001110011111010000110101111100000111100001 0.7538999915122986 0.651095447215167
110010010001001111100101000100100001001101010001000000110100110010101 0.7401000261306763 0.5831091114968965
000010110001000100000100111101111000111110101010101100111001100001101 0.7340999841690063 0.6843952977408965
111101001100001000000001110101000110101110111100101110110111001010100 0.7246999740600586 0.6988178321293422
100111010100101011110011001111111011101110000110111000011001100100000 0.7014999985694885 0.6625277764267391
000000001101011110000101101100000111011110010111010011110011011100010 0.7005000114440918 0.6023238734765486
100111010100101011110011001111111011101100100100100011110100111000110 0.692799985408783 0.6581599861383438
000000001101011011101011011011000111000001111111100011110011001011011 0.5428000092506409 0.5145291754355032
000010110001101111111110111000001011011110001110111000011001100101000 0.38929998874664307 0.35989972917983926
110001001010001111011001101100101001000000100001000111010111101011100 0.3808000087738037 0.31444849209351977
000010110001101111111110111000001011011100100101100011110100111000110 0.3662000000476837 0.30794090913100675
	Generation 2
100111010000101011110011001111111011101101010001000000110101100100110 0.9718999862670898 0.8774097098244561
110110010000101011000101000000011100110101010001000000110000111010111 0.9678000211715698 0.8871500194072723
111101001100001000000001110101000110101110111100110010110111001100100 0.9656999707221985 0.9656999707221985
110110010000101011000101000100100001001101011101101101111000010010111 0.9541000127792358 0.8646531365811825
110010010011001011100101001000011100110101010001000000110100111100101 0.9509999752044678 0.7924999793370565
010111110000001111101011011111011111000001111111100001110011101011101 0.9401999711990356 0.8109224751591683
110010010001001011100101001100110001001101011101101101111100010100101 0.9391999840736389 0.900066651403904
010111110000001111101011011111011111000001111111100011110011101011101 0.9381999969482422 0.809197497367859
000010110001101111111100101100000111011100100111001111110011111000110 0.9347000122070312 0.8320246320782285
110100100000101100110100001001001010001011111110100011101101010100110 0.927299976348877 0.8307062288125356
000010110001101111111100101100000111011100111111100011110011101010110 0.9246000051498413 0.8788515673950315
111101001100001000000001110101000110101110100111001110110111111010100 0.9235000014305115 0.9235000014305115
100100100000101100110100001001001010001011111110101011101101010100100 0.9210000038146973 0.8269812534252803
110010010001001011100101001000011100110101010001000000110100111100101 0.9192000031471252 0.7625181844288653
100111010100101011100001110101000110100110100100100011110111001100110 0.9103000164031982 0.844556126329634
100111010000101011110011001111111011101110110100011000011001100111010 0.9023000001907349 0.8246019446187549
010111110000001111101011011111011111000001100111001111110011111001101 0.8980000019073486 0.8481111129124959
110010010001001001111100100001110111000010001110000000000011010100100 0.8927000164985657 0.834581525841107
110010010001001111100101000100100001001101010001100001110011111011101 0.8902000188827515 0.758693197911436
010111110000001111101011011111011111000001111111111001110011100111000 0.8895999789237976 0.7691333151112001
010110110000001111101011011111001111000001111111000000110100100010101 0.8812000155448914 0.7802291804303725
110010010011001011100111001111111011110101110001000000110100100101110 0.8799999952316284 0.739999995990233
110010010001001011100101001000011100110101010001000001110100111100101 0.8792999982833862 0.7260886349461296
010010111000111001111100100001110011000010001110000000000011000101010 0.8370000123977661 0.7977656368166208
010011110000001110000101001100011111011110010111001111110011101010100 0.8263999819755554 0.7356211960767255
	Generation 3
110010010001001011100101001100110001001100100111001111111100111000111 0.9722999930381775 0.8986409026564973
111101001100001000000001110101000110101110000111110010110111001100100 0.972100019454956 0.940401105777077
100111010000101011110011001111111011101101010001000000110101100100110 0.9718999862670898 0.8153160995907254
110110010000101011000101000000011100110101010001000000110000111010111 0.9678000211715698 0.8253183513879776
111101001100001000000001110101000110101110111100110010110111001100100 0.9656999707221985 0.9268995254699673
000010110001101111111100101100000111011101011111101101110011010100100 0.9620000123977661 0.8542760526761413
100111010000101011110011001111111011000110110100011000011001010101110 0.9616000056266785 0.8307155604163806
111101001100001000000001110101000110101110111100110010110101001100100 0.9611999988555908 0.9225803560444287
111101001100001000000001110101000110101110100111001110110011111010101 0.9578999876976013 0.926664118533549
110110010000101011000101000100100001001101011101101101111000010010111 0.9541000127792358 0.8964564703404904
110010010011001011100101001000011100110101010001000000110100111100101 0.9509999752044678 0.8825567951708129
100111010000101011110011011111111011101101010000000000110111100100110 0.9502999782562256 0.7998358150323233
110010010001001011100101001100110001001101011101101101110110011100101 0.9442999958992004 0.8410171838477254
010111110000001111101011011111011111000001111111100001110011101011101 0.9401999711990356 0.86772622341911
110010010001001011100101001100110001001101011101101101111100010100101 0.9391999840736389 0.8340291525237262
010111110000001111101011011111011111000001111111100011110011101011101 0.9381999969482422 0.8619712471961974
000010110001101111111100101100000111011100100111001111110011111000110 0.9347000122070312 0.8745109962694572
110110011000101011000101000000011100110101010001010000110100111010110 0.9297000169754028 0.8057400147120158
110100100000101100110100001001001010001011111110100011101101010100110 0.927299976348877 0.8519568532705306
010111110000001111101011011111011111000010100100100011110011001001111 0.925599992275238 0.8407533263166745
000010110001101111111100101100000111011100111111100011110011101010110 0.9246000051498413 0.85236562974751
110010010001001001111100100001110111000010011101101100000011010100101 0.9246000051498413 0.8282875046133995
100100100000101100110100001001001010001011111110101011101101010100100 0.9210000038146973 0.8480875035127005
110010010001001011100101001000011100110101010001000000110100111100101 0.9192000031471252 0.849563639272343
100111010100101011100001110101000110100110100100100011110111001100110 0.9103000164031982 0.799041125509474
	Generation 4
110010010001001011100101001100110001001100100111000010110100100100101 0.977400004863739 0.8441181860186837
110010010001001011100101001100110001001100100111001111111100111000111 0.9722999930381775 0.8433965848702373
111101001100001000000001110101000110101110000111110010110111001100100 0.972100019454956 0.8699590753817904
100111010000101011110011001111111011101101010001000000110101100100110 0.9718999862670898 0.855811932351854
110010010001001011100101001100110001001100100111001011111100111000111 0.9714000225067139 0.8389363830739802
110110010000101011000101000000011100110101000111001111111100111000111 0.970300018787384 0.8894416838884354
111101001100001000000001110101000110101110111100110010110111001100100 0.9690999984741211 0.8984364569187164
110110010000101011000101000000011100110101010001000000110000111010111 0.9678000211715698 0.8629550188779831
110010010011001011000101001000011100110101010001000000110100111100101 0.9621000289916992 0.8491261619510072
000010110001101111111100101100000111011101011111101101110011010100100 0.9620000123977661 0.9093906367197633
100111010000101011110011001111111011000110110100011000011001010101110 0.9616000056266785 0.8627688939372699
111101001100001000000001110101000110101110111100110010110101001100100 0.9611999988555908 0.8896821417978832
111101001100001001000001110101000110101110000101110010110111001100100 0.9605000019073486 0.8665380451990211
111101001100001000000001110101000110101110000111111111111111011000110 0.9602000117301941 0.8645279091121494
110110010000101011000101000100100001001101011111101101111001010000110 0.9599999785423279 0.8899999801069498
111101001100001000000001110101000110101110100111001110110011111010101 0.9578999876976013 0.8659277062701143
110110010000101011000101000100100001001101011101101101111000010010111 0.9541000127792358 0.8924810536205768
100111010000101011110011011111111011101101010000000000110111100100110 0.9502999782562256 0.8420713696214888
111101001100001000100001110101000110101110111111000010110101111010110 0.9455999732017517 0.8822785464248487
110010010011001011100101001000011100110111010001110010110111001100101 0.9451000094413757 0.8412822053739518
110010010001001011100101001100110001001101011101101101110110011100101 0.9442999958992004 0.8852812461555004
010111110000001111101011011111011111000001111111100001110011101011101 0.9401999711990356 0.871643723299106
110010010001001011100101001100110001001101011101101101111100010100101 0.9391999840736389 0.878054151777178
010111110000001111101011011111011111000001111111100011110011101011101 0.9381999969482422 0.8697895805040996
000010110001101111111100101100000111011100100111001111110011111000110 0.9347000122070312 0.8320246320782285
	Generation 5
110010010001001011100101001100110001001100100111000010110100100100101 0.977400004863739 0.8663318224928596
111101001100001000000001110101000110101110100111001110110111101100100 0.9732000231742859 0.837445672115554
110010010001001011100101001100110001001100100111001111111100111000111 0.9722999930381775 0.8765431755419933
110110010000111011000101000000011100110101000111001101111100001100101 0.9721999764442444 0.8317710909578536
111101001100001000000001110101000110101110000111110010110111001100100 0.972100019454956 0.8364991109440293
100111010000101011110011001111111011101101010001000000110101100100110 0.9718999862670898 0.8207155439588759
110010010001001011100101001100110001001100100111001011111100111000111 0.9714000225067139 0.8720522929321636
110110010000101011000100101100000101011101011111101101110010010100110 0.9707000255584717 0.8574516892433166
110110010000101011000101000000011100110101000111001111111100111000111 0.970300018787384 0.8247550159692764
111101001100001000000001110101000110101110111100110010110111001100100 0.9690999984741211 0.9301629449640002
110110010000101011000101000000011100110101010001000000110000111010111 0.9678000211715698 0.8118766844272614
110010010011001011000101001000011100110101010001000000110100111100101 0.9621000289916992 0.860059116825913
000010110001101111111100101100000111011101011111101101110011010100100 0.9620000123977661 0.9620000123977661
100111010000101011110011001111111011000110110100011000011001010101110 0.9616000056266785 0.8280444492896398
111101001100001000000001110101000110101110111100110010110101001100100 0.9611999988555908 0.9225803560444287
111101001100001001000001110101000110101110000101110010110111001100100 0.9605000019073486 0.8369574291982512
111101001100001000000001110101000110101110000111111111111111011000110 0.9602000117301941 0.8314775463895521
110110010000101011000101000100100001001101011111101101111001010000110 0.9599999785423279 0.8419999811798334
110101001100001001000001110101000110101101011111101101110011010100100 0.9589999914169312 0.8730895755191644
110011010011001011000101001000011100110101010001000000110100111100101 0.9589999914169312 0.8681855982903278
111101001100001000000001110101000110101110100111001110110011111010101 0.9578999876976013 0.8277505328473836
110110010000101011000101000100100001001101011101101101111000010010111 0.9541000127792358 0.8408006362617015
100110010000101011000101100000011100110101010111101101110001110010111 0.9506999850273132 0.8107358205649587
100111010000101011110011011111111011101101010000000000110111100100110 0.9502999782562256 0.8103947036796145
110110010000101011000101000100100001001101011001000000111000011000110 0.9469000101089478 0.8620735508700211
	Generation 6
110010010001001011100101001100110001001100100111000010110100100100101 0.977400004863739 0.7478590946305882
110110010000101011000101000100100001001110100111001111110011011010111 0.9771000146865845 0.838677512605985
111101001100001000000001110101000110101110100111001110110111101100100 0.9732000231742859 0.876232629560906
110010010001001011100101001100110001001100100111001111111100111000111 0.9722999930381775 0.7550056764122212
110110010000111011000101000000011100110101000111001101111100001100101 0.9721999764442444 0.8479744238985909
111101001100001000000001110101000110101110000111110010110111001100100 0.972100019454956 0.8681980246219082
100111010000101011110011001111111011101101010001000000110101100100110 0.9718999862670898 0.855811932351854
110010010001001011100101001100110001001100100111001011111100111000111 0.9714000225067139 0.7543068356586224
110110010000101011000100101100000101011101011111101101110010010100110 0.9707000255584717 0.942387941479683
110110010000101011000101000000011100110101000111001111111100111000111 0.970300018787384 0.8355361272891363
110110010000101001000001000100100001101101011111101001110011010010111 0.9702000021934509 0.9419025021294752
110010010001001011100101001110110001001100100111000100110100111100101 0.9697999954223633 0.7493909055536443
111101001100001000000001110101000110101110111100110010110111001100100 0.9690999984741211 0.9301629449640002
110010010001001011100101001100110001001100101111001011111100111000111 0.9679999947547913 0.9503541615170737
110110010000101011000101000000011100110101010001000000110000111010111 0.9678000211715698 0.8360716849565506
110010010001001000001001111100111001001100100111001110110111110100110 0.9660000205039978 0.7354772883382711
110011010011001011000001001000011100110101010001000000110100010100101 0.9645000100135803 0.7818295535716143
110010010011001011000101001000011100110101010001000000110100111100101 0.9621000289916992 0.7616625229517618
000010110001101111111100101100000111011101011111101101110011010100100 0.9620000123977661 0.9444635538384318
100111010000101011110011001111111011000110110100011000011001010101110 0.9616000056266785 0.8574266716837883
110010010001001011100101001100110001001000100111001011110111101100100 0.9616000056266785 0.7357697012749587
111101001100001000000001110101000110101110111100110010110101001100100 0.9611999988555908 0.9225803560444287
111101001100001001000001110101000110101110000101110010110111001100100 0.9605000019073486 0.8647980089636816
110011010011001011000101001000011100110101010001001111111100111000111 0.9603000283241272 0.7857000231742859
111101001100001000000001110101000110101110000111111111111111011000110 0.9602000117301941 0.8645279091121494
	Generation 7
110010010001001011100101001100110001001100100111000010110100100100101 0.977400004863739 0.8256068222902038
110110010000101011000101000100100001001110100111001111110011011010111 0.9771000146865845 0.827820845776134
111101001100001000000001110101000110101110100111001110110111101100100 0.9732000231742859 0.9397021962896637
110010010001001011100101001100110001001100100111001111111100111000111 0.9722999930381775 0.8360306758320692
110110010000111011000101000000011100110101000111001101111100001100101 0.9721999764442444 0.8263699799776077
110010010001001011100101001100110001001101101111001001111100111000111 0.9721999764442444 0.9190327902324498
111101001100001000000001110101000110101110000111110010110111001100100 0.972100019454956 0.9386400550171948
110110010000101011000101000100100001101101011111101101110111010010111 0.972100019454956 0.8283102249105772
100111010000101011110011001111111011101101010001000000110101100100110 0.9718999862670898 0.8639110989040798
110010010001001011100101001100110001001100100111001011111100111000111 0.9714000225067139 0.835256837534182
110110010000101011000100101100000101011101011111101101110010010100110 0.9707000255584717 0.8230727300047874
110110010000101011000101000000011100110101000111001111111100111000111 0.970300018787384 0.8247550159692764
110110010000101001000001000100100001101101011111101001110011010010111 0.9702000021934509 0.8186062518507242
110010010001001011100101001110110001001100100111000100110100111100101 0.9697999954223633 0.8228606021765507
111101001100001000000001110101000110101110111100110010110111001100100 0.9690999984741211 0.9330471711499351
110110010000111011000100101100000101011101011111101011111100111000111 0.9688000082969666 0.8557733406623205
110110010000101001000001000100100001101001011110101001110011010010111 0.9681000113487244 0.8249018846700589
110010010001001011100101001100110001001100101111001011111100111000111 0.9679999947547913 0.9150624950416386
110110010000111011000101000000001100110101000111001100110101001100100 0.9679999947547913 0.8227999955415726
110110010000101011000101000000011100110101010001000000110000111010111 0.9678000211715698 0.8306950181722642
110010010001001000001001111100111001001100100111001110110111110100110 0.9660000205039978 0.8159772900469375
111101001100001000000001110101000110101110111100110011111100001100101 0.965499997138977 0.9295810984358901
110110010000101001010000101100000101011101011111101001110010010100110 0.965499997138977 0.8246979142228762
110011010011001011000001001000011100110101010001000000110100010100101 0.9645000100135803 0.8622045544060793
000010110001101111111100101100000111011101011111101101010011010100110 0.9625999927520752 0.9325187429785728
	Generation 8
110010010001001011100101001100110001001100100111000010110100100100101 0.977400004863739 0.8515227315100756
110110010000101011000101000100100001001110100111001111110011011010111 0.9771000146865845 0.827820845776134
111101001100001000000001110101000110101110100111001110110111101100100 0.9732000231742859 0.9009152388443118
110110010000111011000100101100000101011101011111101011111100111000111 0.9728999733924866 0.8593949764966965
110010010001001011100101001100110001001100100111001111111100111000111 0.9722999930381775 0.8507624939084053
110110010000111011000101000000011100110101000111001101111100001100101 0.9721999764442444 0.8263699799776077
110010010001001011100101001100110001001101101111001001111100111000111 0.9721999764442444 0.898778624056528
111101001100001000000001110101000110101110000111110010110111001100100 0.972100019454956 0.9069411413393159
110110010000101011000101000100100001101101011111101101110111010010111 0.972100019454956 0.8283102249105772
100111010000101011110011001111111011101101010001000000110101100100110 0.9718999862670898 0.8639110989040798
110010010001001011100101001100110001001100100111001011111100111000111 0.9714000225067139 0.8499750196933746
110010010001001011100101001000010100110101101111001001111100011100101 0.9711999893188477 0.9029124900698662
110110010000101011000100101100000101011101011111101101110010010100110 0.9707000255584717 0.8230727300047874
110110010000101011000101000000011100110101000111001111111100111000111 0.970300018787384 0.8247550159692764
110110010000101001000001000100100001101101011111101001110011010010111 0.9702000021934509 0.8186062518507242
110010010001001011100101001110110001001100100111000100110100111100101 0.9697999954223633 0.8485749959945679
111101001100001000000001110101000110101110111100110010110111001100100 0.9690999984741211 0.9330471711499351
111101001100001000000001111101000110101110100111001110110100101100101 0.9682000279426575 0.8980406056279722
110110010000101001000001000100100001101001011110101001110011010010111 0.9681000113487244 0.8249018846700589
110010010001001011100101001100110001001100101111001011111100111000111 0.9679999947547913 0.8974166618039211
110110010000111011000101000000001100110101000111001100110101001100100 0.9679999947547913 0.8227999955415726
110110010000101011000101000000011100110101010001000000110000111010111 0.9678000211715698 0.8306950181722642
110010010001001000001001111100111001001100100111001110110111110100110 0.9660000205039978 0.837931835967483
111101001100001000000001110101000110101110111100110011111100001100101 0.965499997138977 0.9295810984358901
110110010000101001010000101100000101011101011111101001110010010100110 0.965499997138977 0.8246979142228762
	Generation 9
110010010001001011100101001100110001001100100111000010110100100100101 0.977400004863739 0.8219045495445079
110110010000101011000101000100100001001110100111001111110011011010111 0.9771000146865845 0.8061075121164322
110010010001001011100101001100110001001100100111001011111100001100101 0.9764999747276306 0.8063522518584223
110010010001001011100101001110110001001100100111001001111100111100101 0.9745000004768372 0.8120833337306976
111101001100001000000001110101000110101110100111001110110111101100100 0.9732000231742859 0.9009152388443118
100111010000101011110011001111111011101101100001001000111101100100101 0.9731000065803528 0.8190258388717969
110110010000111011000100101100000101011101011111101011111100111000111 0.9728999733924866 0.881690600886941
110010010001001011100101001100110001001100100111001111111100111000111 0.9722999930381775 0.8176159032366492
110110010000111011000101000000011100110101000111001101111100001100101 0.9721999764442444 0.8047655360566245
110010010001001011100101001100110001001101101111001001111100111000111 0.9721999764442444 0.898778624056528
111101001100001000000001110101000110101110000111110010110111001100100 0.972100019454956 0.9069411413393159
110110010000101011000101000100100001101101011111101101110111010010111 0.972100019454956 0.852612725396951
100111010000101011110011001111111011101101010001000000110101100100110 0.9718999862670898 0.8261149883270263
110010010001001011100101001100110001001100100111001011111100111000111 0.9714000225067139 0.809500018755595
110010010001001011100101001000010100110101101111001001111100011100101 0.9711999893188477 0.9029124900698662
110110010000101011000100101100000101011101011111101101110010010100110 0.9707000255584717 0.8554293975234032
110110010000101011000101000000011100110101000111001111111100111000111 0.970300018787384 0.8031927933295567
110110010000101001000001000100100001101101011111101001110011010010111 0.9702000021934509 0.8509462519238392
110010010001001011100101001110110001001100100111000100110100111100101 0.9697999954223633 0.8228606021765507
111101001100001000000001110101000110101110111100110010110111001100100 0.9690999984741211 0.9690999984741211
111101001100001000000001111101000110101110100111001110110100101100101 0.9682000279426575 0.8980406056279722
110110010000101001000001000100100001101001011110101001110011010010111 0.9681000113487244 0.8551550100247065
110010010001001011100101001100110001001100101111001011111100111000111 0.9679999947547913 0.8974166618039211
110110010000111011000101000000001100110101000111001100110101001100100 0.9679999947547913 0.7985999956727028
110110010000101011000101000000011100110101010001000000110000111010111 0.9678000211715698 0.8038116842508316
	Generation 10
110010010001001011100101001100110001001100100111000010110100100100101 0.977400004863739 0.8219045495445079
110110010000101011000101000100100001001110100111001111110011011010111 0.9771000146865845 0.8359633458985223
110010010001001011100101001100110001001100100111001011111100001100101 0.9764999747276306 0.8063522518584223
110010010001001011100101001110110001001100100111001001111100111100101 0.9745000004768372 0.8120833337306976
111101001100001000000001110101000110101110000111110010110111001100100 0.974399983882904 0.9090869414849558
110010010001001011100101001100000101011101011111101011111100111000111 0.9743000268936157 0.8702732011054952
111101001100001000000001110101000110101110100111001110110111101100100 0.9732000231742859 0.9009152388443118
100111010000101011110011001111111011101101100001001000111101100100101 0.9731000065803528 0.84605639461014
110110010000111011000100101100000101011101011111101011111100111000111 0.9728999733924866 0.881690600886941
110010010001001011100101001100110001001100100111001111111100111000111 0.9722999930381775 0.8176159032366492
110110010000111011000101000000011100110101000111001101111100001100101 0.9721999764442444 0.8290705354677306
110010010001001011100101001100110001001101101111001001111100111000111 0.9721999764442444 0.863333833248665
110110010000101011000101000100100001101101011111101101110111010010111 0.972100019454956 0.852612725396951
100111010000101011110011001111111011101101010001000000110101100100110 0.9718999862670898 0.855811932351854
110010010001001011100101001100110001001100100111001011111100111000111 0.9714000225067139 0.809500018755595
110010010001001011100101001000010100110101101111001001111100011100101 0.9711999893188477 0.8725624904036522
110110010000101011000100101100000101011101011111101101110010010100110 0.9707000255584717 0.8554293975234032
110110010000101011000101000000011100110101000111001111111100111000111 0.970300018787384 0.8301455716292063
110110010000101001000001000100100001101101011111101001110011010010111 0.9702000021934509 0.8509462519238392
110010010001001011100101001110110001001100100111000100110100111100101 0.9697999954223633 0.8228606021765507
110010010001001011100101001100110001001100101111001011111100111000111 0.9693999886512756 0.8608473857554297
111101001100001000000001110101000110101110111100110010110111001100100 0.9690999984741211 0.9690999984741211
111101001100001000000001111101000110101110100111001110110100101100101 0.9682000279426575 0.8980406056279722
110110010000101001000001000100100001101001011110101001110011010010111 0.9681000113487244 0.8551550100247065
110110010000111011000101000000001100110101000111001100110101001100100 0.9679999947547913 0.8254888844158914
	Generation 11
110010010001001011100101001100110001001100100111000010110100100100101 0.977400004863739 0.8219045495445079
110110010000101011000101000100100001001110100111001111110011011010111 0.9771000146865845 0.8658191796806123
110010010001001011100101001100110001001100100111001011111100001100101 0.9764999747276306 0.8063522518584223
110010010001001011100101001110110001001100100111001001111100111100101 0.9745000004768372 0.8120833337306976
111101001100001000000001110101000110101110000111110010110111001100100 0.974399983882904 0.9408608540028766
110010010001001011100101001100000101011101011111101011111100111000111 0.9743000268936157 0.8449008045718074
110110010000101011100101001000010100110101111101001001110100011100101 0.9735000133514404 0.8477562616268793
111101001100001000000001110101000110101110100111001110110111101100100 0.9732000231742859 0.9397021962896637
100111010000101011110011001111111011101101100001001000111101100100101 0.9731000065803528 0.870383894774649
110010010001001011000101000100100001101101011111101101111111010010111 0.9729999899864197 0.8767135326440135
110110010000111011000100101100000101011101011111101011111100111000111 0.9728999733924866 0.8512874767184258
110010010001001011100101001100110001001100100111001111111100111000111 0.9722999930381775 0.8176159032366492
110110010000111011000101000000011100110101000111001101111100001100101 0.9721999764442444 0.8668783123294512
110010010001001011100101001100110001001101101111001001111100111000111 0.9721999764442444 0.840547896300753
110110010000101011000101000100100001101101011111101101110111010010111 0.972100019454956 0.8303354332844416
100111010000101011110011001111111011101101010001000000110101100100110 0.9718999862670898 0.8774097098244561
110010010001001011100101001100110001001100100111001011111100111000111 0.9714000225067139 0.809500018755595
110010010001001011100101001000010100110101101111001001111100011100101 0.9711999893188477 0.8472708240151405
110110010000101011000100101100000101011101011111101101110010010100110 0.9707000255584717 0.8190281465649605
110110010000101011000101000000011100110101000111001111111100111000111 0.970300018787384 0.8597936277588208
110110010000101001000001000100100001101101011111101001110011010010111 0.9702000021934509 0.8388187518964212
010110010000101011000100101000010100110101101111001001110010010100110 0.9702000021934509 0.8206275018552939
110010010001001011100101001110110001001100100111000100110100111100101 0.9697999954223633 0.8228606021765507
110010010001001011100101001100110001001100101111001011111100111000111 0.9693999886512756 0.8381270735214155
111101001100001000000001110101000110101110111100110010110111001100100 0.9690999984741211 0.9690999984741211
	Generation 12
110110010000101011000101000000011100110101000111001111111100011100101 0.9790999889373779 0.7560827692349752
110110010000101011000101000100100001101101010111001111111111010010111 0.9789000153541565 0.7695241787367396
110010010001001011100101001100110001001100100111000010110100100100101 0.977400004863739 0.8589272770014676
100111010000101011000101001100011100110101000001001000011101100100101 0.9767000079154968 0.7705077840222252
110010010001001011100101001100110001001100100111001011111100001100101 0.9764999747276306 0.835943160183502
110110010000101011100101000000011100110101000111001101100100011100101 0.9749000072479248 0.7663797279198964
110010010001001011100101001110110001001100100111001001111100111100101 0.9745000004768372 0.8416136367754503
111101001100001000000001110101000110101110000111110010110111001100100 0.974399983882904 0.9408608540028766
110010010001001011100101001100000101011101011111101011111100111000111 0.9743000268936157 0.8829593993723392
110110010000101011100101001000010100110101111101001001110100011100101 0.9735000133514404 0.8477562616268793
111101001100001000000001110101000110101110100111001110110111101100100 0.9732000231742859 0.9397021962896637
100111010000101011110011001111111011101101100001001000111101100100101 0.9731000065803528 0.7865891719857852
110010010001001011000101000100100001101101011111101101111111010010111 0.9729999899864197 0.8995182199093202
110110010000111011000100101100000101011101011111101011111100111000111 0.9728999733924866 0.8512874767184258
110010010001001011100101001100110001001100100111001111111100111000111 0.9722999930381775 0.8433965848702373
110110010000111011000101000000011100110101000111001101111100001100101 0.9721999764442444 0.7696583146850268
110010010001001011100101001100110001001101101111001001111100111000111 0.9721999764442444 0.8785244578806063
110110010000101011000101000100100001101101011111101101110111010010111 0.972100019454956 0.8303354332844416
100111010000101011110011001111111011101101010001000000110101100100110 0.9718999862670898 0.8018174886703491
110010010001001011100101001100110001001100100111001011111100111000111 0.9714000225067139 0.835256837534182
110010010001001011100101001000010100110101101111001001111100011100101 0.9711999893188477 0.8801499903202057
110110010000101011000100101100000101011101011111101101110010010100110 0.9707000255584717 0.8190281465649605
110110010000101011000101000000011100110101000111001111111100111000111 0.970300018787384 0.7627636258800824
110110010000101001000001000100100001101101011111101001110011010010111 0.9702000021934509 0.8388187518964212
010110010000101011000100101000010100110101101111001001110010010100110 0.9702000021934509 0.8206275018552939
	Generation 13
110110010000101011000101000000011100110101000111001111111100011100101 0.9790999889373779 0.7941588799158732
110110010000101011000101000100100001101101010111001111111111010010111 0.9789000153541565 0.807592512667179
110010010001001011100101001100110001001100100111000010110100100100101 0.977400004863739 0.8330113677815958
100111010000101011000101001100011100110101000001001000011101100100101 0.9767000079154968 0.7976383397976557
110010010001001011100101001100110001001100100111001011111100001100101 0.9764999747276306 0.8026533883177873
110110010000101011100101000000011100110101000111001101100100011100101 0.9749000072479248 0.7988763948281605
110010010001001011100101001110110001001100100111001001111100111100101 0.9745000004768372 0.8120833337306976
110110010000111011000100101100100101011101011111101101110111111000111 0.9745000004768372 0.8668989587575197
111101001100001000000001110101000110101110000111110010110111001100100 0.974399983882904 0.902026072036529
110010010001001011100101001100000101011101011111101011111100111000111 0.9743000268936157 0.8829593993723392
110110010000101011100101001000010100110101111101001001110100011100101 0.9735000133514404 0.8802062620719274
111101001100001000000001110101000110101110100111001110110111101100100 0.9732000231742859 0.9062043694050416
100111010000101011110011001111111011101101100001001000111101100100101 0.9731000065803528 0.8082136165764597
110010010001001011000101000100100001101101011111101101111111010010111 0.9729999899864197 0.8995182199093202
110110010000111011000100101100000101011101011111101011111100111000111 0.9728999733924866 0.8634487263858318
110110010000101010000101000100100001101101011111101011111100010010111 0.9728000164031982 0.8633600145578384
110010010001001011100101001100010001001100100111101011111100111000111 0.9728000164031982 0.8143515288829803
110010010001001011100101001100110001001100100111001111111100111000111 0.9722999930381775 0.8102499941984813
110110010000111011000101000000011100110101000111001101111100001100101 0.9721999764442444 0.8020649805665016
110010010001001011100101001100110001001101101111001001111100111000111 0.9721999764442444 0.8785244578806063
111101001100001000000001110101000110101110000111010010110111011100100 0.9721999764442444 0.8999894709474798
110110010000101011000101000100100001101101011111101101110111010010111 0.972100019454956 0.860713558892409
100111010000101011110011001111111011101101010001000000110101100100110 0.9718999862670898 0.8207155439588759
110010010001001011100101001100110001001100100111001011111100111000111 0.9714000225067139 0.7984613821362004
110010010001001011100101001000010100110101101111001001111100011100101 0.9711999893188477 0.8801499903202057
	Generation 14
110110010000101011000101000000011100110101000111001111111100011100101 0.9790999889373779 0.7941588799158732
110110010000101011000101000100100001101101010111001111111111010010111 0.9789000153541565 0.807592512667179
110010010001001011100101001100110001001100100111000010110100100100101 0.977400004863739 0.8330113677815958
100111010000101011000101001100011100110101000001001000011101100100101 0.9767000079154968 0.7976383397976557
110010010001001011100101001100110001001100100111001011111100001100101 0.9764999747276306 0.8026533883177873
110110010000101011100101000000011100110101000111001101100100011100101 0.9749000072479248 0.7988763948281605
110010010001001011100101001110110001001100100111001001111100111100101 0.9745000004768372 0.8120833337306976
110110010000111011000100101100100101011101011111101101110111111000111 0.9745000004768372 0.8668989587575197
111101001100001000000001110101000110101110000111110010110111001100100 0.974399983882904 0.902026072036529
110010010001001011100101001100000101011101011111101011111100111000111 0.9743000268936157 0.8778849200656016
110110010000101011100101001000010100110101111101001001110100011100101 0.9735000133514404 0.8802062620719274
110010010001101011100101001000010100110101101111101011111100111100101 0.9735000133514404 0.8847695433845122
111101001100001000000001110101000110101110100111001110110111101100100 0.9732000231742859 0.9062043694050416
100111010000101011110011001111111011101101100001001000111101100100101 0.9731000065803528 0.8082136165764597
110010010001001011000101000100100001101101011111101101111111010010111 0.9729999899864197 0.90205207404991
110110010000111011000100101100000101011101011111101011111100111000111 0.9728999733924866 0.8634487263858318
110110010000101010000101000100100001101101011111101011111100010010111 0.9728000164031982 0.8633600145578384
110010010001001011100101001100010001001100100111101011111100111000111 0.9728000164031982 0.8143515288829803
110010010001001011100101001100110001001100100111001111111100111000111 0.9722999930381775 0.8102499941984813
110110010000111011000101000000011100110101000111001101111100001100101 0.9721999764442444 0.8020649805665016
110010010001001011100101001100110001001101101111001001111100111000111 0.9721999764442444 0.8835879994245867
111101001100001000000001110101000110101110000111010010110111011100100 0.9721999764442444 0.8999894709474798
110110010000101011000101000100100001101101011111101101110111010010111 0.972100019454956 0.860713558892409
100111010000101011110011001111111011101101010001000000110101100100110 0.9718999862670898 0.8207155439588759
110010010001001011100101001100110001001100100111001011111100111000111 0.9714000225067139 0.7984613821362004
	Generation 15
110110010000101011000101000000011100110101000111001111111100011100101 0.9790999889373779 0.7805602689584096
110110010000101011000101000100100001101101010111001111111111010010111 0.9789000153541565 0.7939966791205936
110010010001001011100101001100110001001100100111000010110100100100101 0.977400004863739 0.8626295497471635
100111010000101011000101001100011100110101000001001000011101100100101 0.9767000079154968 0.8003513953751987
110010010001001011100101001100110001001100100111001011111100001100101 0.9764999747276306 0.839642023724137
110110010000101011100101001001000110101110100111001001110100011100101 0.9760000109672546 0.7808000087738037
110110010000101011100101000000011100110101000111001101100100011100101 0.9749000072479248 0.7826280613740285
110010010001001011100101001110110001001100100111001001111100111100101 0.9745000004768372 0.8453049246560443
110110010000111011000100101100100101011101011111101101110111111000111 0.9745000004768372 0.8668989587575197
111101001100001000000001110101000110101110000111110010110111001100100 0.974399983882904 0.902026072036529
110010010001001011100101001100000101011101011111101011111100111000111 0.9743000268936157 0.8778849200656016
110110010000101011100101001000010100110101111101001001110100011100101 0.9735000133514404 0.8802062620719274
110010010001101011100101001000010100110101101111101011111100111100101 0.9735000133514404 0.8847695433845122
111101001100001000000001110101000110101110100111001110110111101100100 0.9732000231742859 0.9062043694050416
100111010000101011110011001111111011101101100001001000111101100100101 0.9731000065803528 0.8190258388717969
110010010001001011000101000100100001101101011111101101111111010010111 0.9729999899864197 0.90205207404991
111101001100001000000001110101000110101100101111001110110111001100100 0.9729999899864197 0.9729999899864197
110110010000111011000100101100000101011101011111101011111100111000111 0.9728999733924866 0.8634487263858318
110110010000101010000101000100100001101101011111101011111100010010111 0.9728000164031982 0.8633600145578384
110010010001001011100101001100010001001100100111101011111100111000111 0.9728000164031982 0.8512000143527985
110010010001001011100101001100110001001100100111001111111100111000111 0.9722999930381775 0.8470795393893213
110110010000111011000101000000011100110101000111001101111100001100101 0.9721999764442444 0.7885622031158871
110010010001001011100101001100110001001101101111001001111100111000111 0.9721999764442444 0.8835879994245867
111101001100001000000001110101000110101110000111010010110111011100100 0.9721999764442444 0.8999894709474798
110110010000101011000101000100100001101101011111101101110111010010111 0.972100019454956 0.860713558892409
	Generation 16
111101000100001000000001110101000110101110100111110010110111001100100 0.9804999828338623 0.8739238977432251
110110010000101011000101000000011100110101000111001111111100011100101 0.9790999889373779 0.7805602689584096
110110010000101011000101000100100001101101010111001111111111010010111 0.9789000153541565 0.7939966791205936
110010010001001011100101001100110001001100100111000010110100100100101 0.977400004863739 0.8626295497471635
100111010000101011000101001100011100110101000001001000011101100100101 0.9767000079154968 0.8003513953751987
110010010001001011100101001100110001001100100111001011111100001100101 0.9764999747276306 0.839642023724137
110110010000101011100101001001000110101110100111001001110100011100101 0.9760000109672546 0.7808000087738037
110110010000101011100101000000011100110101000111001101100100011100101 0.9749000072479248 0.7826280613740285
110010010001001011100101001110110001001100100111001001111100111100101 0.9745000004768372 0.8453049246560443
110110010000111011000100101100100101011101011111101101110111111000111 0.9745000004768372 0.8973520837724208
111101001100001000000001110101000110101110000111110010110111001100100 0.974399983882904 0.8649565074322879
110010010001001011100101001100000101011101011111101011111100111000111 0.9743000268936157 0.8778849200656016
110110010000101011100101001000010100110101111101001001110100011100101 0.9735000133514404 0.9045437624057134
110010010001101011100101001000010100110101101111101011111100111100101 0.9735000133514404 0.8847695433845122
111101001100001000000001110101000110101110100111001110110111101100100 0.9732000231742859 0.8727065425204193
100111010000101011110011001111111011101101100001001000111101100100101 0.9731000065803528 0.8190258388717969
110010010001001011000101000100100001101101011111101101111111010010111 0.9729999899864197 0.90205207404991
111101001100001000000001110101000110101100101111001110110111001100100 0.9729999899864197 0.9729999899864197
110110010000111011000100101100000101011101011111101011111100111000111 0.9728999733924866 0.8877712257206439
110110010000101010000101000100100001101101011111101011111100010010111 0.9728000164031982 0.8957866817712783
110010010001001011100101001100010001001100100111101011111100111000111 0.9728000164031982 0.8512000143527985
110010010001001011100101001100110001001100100111001111111100111000111 0.9722999930381775 0.8470795393893213
110110010000111011000101000000011100110101000111001101111100001100101 0.9721999764442444 0.7885622031158871
110010010001001011100101001100110001001101101111001001111100111000111 0.9721999764442444 0.8835879994245867
111101001100001000000001110101000110101110000111010010110111011100100 0.9721999764442444 0.8647648341197898
	Generation 17
111101000100001000000001110101000110101110100111110010110111001100100 0.9804999828338623 0.875700165828069
110110010000101011000101000000011100110101000111001111111100011100101 0.9790999889373779 0.7832799911499024
110110010000101011000101000100100001101101010111001111111111010010111 0.9789000153541565 0.7967158458299107
110010010001001011100101001100110001001100100111000010110100100100101 0.977400004863739 0.8626295497471635
100111010000101011000101001100011100110101000001001000011101100100101 0.9767000079154968 0.8003513953751987
110010010001001011100101001100110001001100100111001011111100001100101 0.9764999747276306 0.839642023724137
110110010000101011100101001001000110101110100111001001110100011100101 0.9760000109672546 0.7753777864906523
110110010100101011100101001000010001001100100111001001110100111100101 0.9751999974250793 0.7882866645852725
110110010000101011100101000000011100110101000111001101100100011100101 0.9749000072479248 0.7826280613740285
110010010001001011100101001110110001001100100111001001111100111100101 0.9745000004768372 0.8453049246560443
110110010000111011000100101100100101011101011111101101110111111000111 0.9745000004768372 0.8770500004291535
111101001100001000000001110101000110101110000111110010110111001100100 0.974399983882904 0.8720173768807148
110010010001001011100101001100000101011101011111101011111100111000111 0.9743000268936157 0.9134062752127647
110110010000101011100101001000010100110101111101001001111100011100101 0.9739000201225281 0.8623073094834883
111101000100001000000001110101000011101101000111110010110111011010110 0.9736999869346619 0.881974625846614
110110010000101011100101001000010100110101111101001001110100011100101 0.9735000133514404 0.866009386877219
110010010001101011100101001000010100110101101111101011111100111100101 0.9735000133514404 0.9151914188017447
111101001100001000000001110101000110101110100111001110110111101100100 0.9732000231742859 0.8797587166013925
100111010000101011110011001111111011101101100001001000111101100100101 0.9731000065803528 0.8163227832979626
110010010001001011000101000100100001101101011111101101111111010010111 0.9729999899864197 0.9248567613152167
111101001100001000000001110101000110101100101111001110110111001100100 0.9729999899864197 0.9729999899864197
110110010000111011000100101100000101011101011111101011111100111000111 0.9728999733924866 0.8634487263858318
110110010000101010000101000100100001101101011111101011111100010010111 0.9728000164031982 0.8674133479595185
110010010001001011100101001100010001001100100111101011111100111000111 0.9728000164031982 0.8512000143527985
110010010001001011100101001100110001001100100111001111111100111000111 0.9722999930381775 0.8470795393893213
	Generation 18
111101000100001000000001110101000110101110100111110010110111001100100 0.9804999828338623 0.875700165828069
110110010000101011000101000000011100110101000111001111111100011100101 0.9790999889373779 0.7832799911499024
110110010000101011000101000100100001101101010111001111111111010010111 0.9789000153541565 0.7967158458299107
110010010001001011100101001100110001001100100111000010110100100100101 0.977400004863739 0.8811409134756435
100111010000101011000101001100011100110101000001001000011101100100101 0.9767000079154968 0.8003513953751987
110010010001001011100101001100110001001100100111001011111100001100101 0.9764999747276306 0.8803295226711215
110010010001101011110101001001000110101100101111001110110111001100101 0.9764000177383423 0.8696062657982111
110110010000101011100101001001000110101110100111001001110100011100101 0.9760000109672546 0.7753777864906523
110010010001001011100101001000110000110101101111100011111100110100101 0.9757000207901001 0.8359513198956847
110110010100101011100101001000010001001100100111001001110100111100101 0.9751999974250793 0.7882866645852725
110110010000101011100101000000011100110101000111001101100100011100101 0.9749000072479248 0.7826280613740285
110010010001001011100101001110110001001100100111001001111100111100101 0.9745000004768372 0.8859090913425792
110110010000111011000100101100100101011101011111101101110111111000111 0.9745000004768372 0.9338958337903023
111101001100001000000001110101000110101110000111110010110111001100100 0.974399983882904 0.8720173768807148
110010010001001011100101001100000101011101011111101011111100111000111 0.9743000268936157 0.8220656476914883
110110010000101011100101001000010100110101111101001001111100011100101 0.9739000201225281 0.9150602272401254
111101000100001000000001110101000011101101000111110010110111011010110 0.9736999869346619 0.881974625846614
110110010000101011100101001000010100110101111101001001110100011100101 0.9735000133514404 0.9146843875447909
110010010001101011100101001000010100110101101111101011111100111100101 0.9735000133514404 0.8188554799805086
111101001100001000000001110101000110101110100111001110110111101100100 0.9732000231742859 0.8797587166013925
110010010101001011000101001100110001001100100111000010110100100101101 0.9732000231742859 0.8921000212430954
100111010000101011110011001111111011101101100001001000111101100100101 0.9731000065803528 0.8163227832979626
110010010001001011000101000100100001101101011111101101111111010010111 0.9729999899864197 0.8564426995192965
111101001100001000000001110101000110101100101111001110110111001100100 0.9729999899864197 0.9729999899864197
110010010001101011100101001100000101011101011111101011111100111000111 0.9729999899864197 0.8209687415510416
	Generation 19
111101000100001000000001110101000110101110100111110010110111001100100 0.9804999828338623 0.879252701997757
110110010000101011000101000000011100110101000111001111111100011100101 0.9790999889373779 0.8077574908733368
110110010000101011000101000100100001101101010111001111111111010010111 0.9789000153541565 0.8184691795044475
110110010000101011100101001000010100110100101111001101111100001100101 0.9785000085830688 0.8194937571883202
110010010001001011100101001100110001001100100111000010110100100100101 0.977400004863739 0.8441181860186837
110110010000101011100101001000010100110101111101001101111100011100101 0.9771000146865845 0.8101787621776262
100111010000101011000101001100011100110101000001001000011101100100101 0.9767000079154968 0.8356211178832584
110010010001001011100101001100110001001100100111001011111100001100101 0.9764999747276306 0.8433408872647719
110010010101001011000101001110110001001100100111100010110100111100101 0.9764999747276306 0.8655340685085817
110010010001101011110101001001000110101100101111001110110111001100101 0.9764000177383423 0.912832308250169
110110010000101011100101001001000110101110100111001001110100011100101 0.9760000109672546 0.8024888979064093
110010010001001011100101001000110000110101101111100011111100110100101 0.9757000207901001 0.8918508002534509
110110010100101011100101001000010001001100100111001001110100111100101 0.9751999974250793 0.8126666645208995
110110010000101011100101000000011100110101000111001101100100011100101 0.9749000072479248 0.8070005615552267
111111001100001000000001110101000110101100100111001011110110001100100 0.9746999740600586 0.8881776937540026
110010010001001011100101001100110001001100100111000011110100100100101 0.9746999740600586 0.8380942958773989
110010010001001011100101001110110001001100100111001001111100111100101 0.9745000004768372 0.8526875004172325
110110010000111011000100101100100101011101011111101101110111111000111 0.9745000004768372 0.8709593754261733
111101001100001000000001110101000110101110000111110010110111001100100 0.974399983882904 0.8737825942428216
110010010001001011100101001100000101011101011111101011111100111000111 0.9743000268936157 0.885496639025708
110110010000101011100101001000010100110101111101001001111100011100101 0.9739000201225281 0.8095543917268515
111101000100001000000001110101000011101101000111110010110111011010110 0.9736999869346619 0.8837385750983072
110110010000101011100101001000010100110101111101001001110100011100101 0.9735000133514404 0.8153062611818314
110010010001101011100101001000010100110101101111101011111100111100101 0.9735000133514404 0.8796992308149736
110110010000101011100101001000010100110101111101000010111100101100101 0.9733999967575073 0.8314458305637041
	Generation 20
111101000100001000000001110101000110101110100111110010110111001100100 0.9804999828338623 0.879252701997757
110110010000101011000101000000011100110101000111001111111100011100101 0.9790999889373779 0.8077574908733368
110110010000101011000101000100100001101101010111001111111111010010111 0.9789000153541565 0.8184691795044475
110110010000101011100101001000010100110100101111001101111100001100101 0.9785000085830688 0.8826885494093101
110010010001001011100101001100110001001100101111000010110100110100101 0.9775000214576721 0.8731315295832852
110010010001001011100101001100110001001100100111000010110100100100101 0.977400004863739 0.8070954585617239
110110010000101011100101001000010100110101111101001101111100011100101 0.9771000146865845 0.8793900132179261
100111010000101011000101001100011100110101000001001000011101100100101 0.9767000079154968 0.8356211178832584
110010010001001011100101001100110001001100100111001011111100001100101 0.9764999747276306 0.8137499789396923
110010010101001011000101001110110001001100100111100010110100111100101 0.9764999747276306 0.835943160183502
110010010001101011110101001001000110101100101111001110110111001100101 0.9764000177383423 0.8899479328344266
110110010000101011100101001001000110101110100111001001110100011100101 0.9760000109672546 0.8024888979064093
110010010001001011100101001000110000110101101111100011111100110100101 0.9757000207901001 0.8613601746037602
110110010100101011100101001000010001001100100111001001110100111100101 0.9751999974250793 0.8126666645208995
110110010000101011100101000000011100110101000111001101100100011100101 0.9749000072479248 0.8070005615552267
110010010001101011100101001100110001001100100111000010110100100100101 0.9749000072479248 0.8198022788221186
110010010001101011100101001000010100110101101111101011111100101100101 0.9747999906539917 0.8631041583915551
111111001100001000000001110101000110101100100111001011110110001100100 0.9746999740600586 0.8881776937540026
110010010001001011100101001100110001001100100111000011110100100100101 0.9746999740600586 0.804865887670806
110010010001001011100101001110110001001100100111001001111100111100101 0.9745000004768372 0.826848485253074
110110010000111011000100101100100101011101011111101101110111111000111 0.9745000004768372 0.9075031254440546
111101001100001000000001110101000110101110000111110010110111001100100 0.974399983882904 0.8737825942428216
110010010001001011100101001100000101011101011111101011111100111000111 0.9743000268936157 0.8626614821453888
110110010000101011100101001000010100110101111101001001111100011100101 0.9739000201225281 0.8805679348607858
111101000100001000000001110101000011101101000111110010110111011010110 0.9736999869346619 0.8837385750983072
	Generation 21
111101000100001000000001110101000110101110100111110010110111001100100 0.9804999828338623 0.9130017956097921
110110010000101011000101000000011100110101000111001111111100011100101 0.9790999889373779 0.8077574908733368
110110010000101011000101000100100001101101010111001111111111010010111 0.9789000153541565 0.8184691795044475
110110010000101011100101001000010100110100101111001101111100001100101 0.9785000085830688 0.880650007724762
110010010101001011001101001110110000110101101111100011111100111100101 0.9778000116348267 0.8326578224077821
110010010001001011100101001100110001001100101111000010110100110100101 0.9775000214576721 0.8451302268852791
110010010001001011100101001100110001001100100111000010110100100100101 0.977400004863739 0.8070954585617239
110110010000101011100101001000010100110101111101001101111100011100101 0.9771000146865845 0.8854968883097172
110010010001101011110101001001000110101100101111001110110111001100101 0.9768999814987183 0.8725955563907821
100111010000101011000101001100011100110101000001001000011101100100101 0.9767000079154968 0.8356211178832584
110010010001001011100101001100110001001100100111001011111100001100101 0.9764999747276306 0.8137499789396923
110010010101001011000101001110110001001100100111100010110100111100101 0.9764999747276306 0.835943160183502
110110010000101011100101001000010100110100101111001101110111001100101 0.9764999747276306 0.8788499772548676
110110010000101011100101001001000110101110100111001001110100011100101 0.9760000109672546 0.8024888979064093
110010010001001011100101001000110000110101101111100011111100110100101 0.9757000207901001 0.8257877780124545
110110010100101011100101001000010001001100100111001001110100111100101 0.9751999974250793 0.8126666645208995
110110010000101011100101000000011100110101000111001101100100011100101 0.9749000072479248 0.8070005615552267
110010010001101011100101001100110001001100100111000010110100100100101 0.9749000072479248 0.8198022788221186
110010010001101011100101001000010100110101101111101011111100101100101 0.9747999906539917 0.8326416586836178
111111001100001000000001110101000110101100100111001011110110001100100 0.9746999740600586 0.9128983452700187
110010010001001011100101001100110001001100100111000011110100100100101 0.9746999740600586 0.804865887670806
110010010001001011100101001110110001001100100111001001111100111100101 0.9745000004768372 0.826848485253074
110110010000111011000100101100100101011101011111101101110111111000111 0.9745000004768372 0.8993822921067477
111101001100001000000001110101000110101110000111110010110111001100100 0.974399983882904 0.9055565067607424
110010010001001011100101001100000101011101011111101011111100111000111 0.9743000268936157 0.8296773666515946
	Generation 22
111101000100001000000001110101000110101110100111110010110111001100100 0.9804999828338623 0.950303425391515
110110010000101011000101000000011100110101000111001111111100011100101 0.9790999889373779 0.8077574908733368
110110010000101011000101000100100001101101010111001111111111010010111 0.9789000153541565 0.8184691795044475
110110010000101011100101001000010100110100101111001101111100001100101 0.9785000085830688 0.8419177157183487
110010010001001011100101001100110000110101101111100010110100110100101 0.9783999919891357 0.8280729098866383
110010010101001011001101001110110000110101101111100011111100111100101 0.9778000116348267 0.8352041766047478
110010010001001011100101001100110001001100101111000010110100110100101 0.9775000214576721 0.8324023620225489
110010010001001011100101001100110001001100100111000010110100100100101 0.977400004863739 0.8070954585617239
110110010000101011100101001000010100110101111101001101111100011100101 0.9771000146865845 0.8468200127283733
110010010001101011110101001001000110101100101111001110110111001100101 0.9768999814987183 0.8725955563907821
100111010000101011000101001100011100110101000001001000011101100100101 0.9767000079154968 0.8356211178832584
110010010001001011100101001100110001001100100111001011111100001100101 0.9764999747276306 0.8137499789396923
110010010101001011000101001110110001001100100111100010110100111100101 0.9764999747276306 0.835943160183502
110110010000101011100101001000010100110100101111001101110111001100101 0.9764999747276306 0.8442656031499307
110110010000101011100101001001000110101110100111001001110100011100101 0.9760000109672546 0.8024888979064093
110010010001001011100101001000110000110101101111100011111100110100101 0.9757000207901001 0.823246892541647
110010010001101011100101001000010100110000100111000010111100000100101 0.975600004196167 0.8203909126195041
110110010100101011100101001000010001001100100111001001110100111100101 0.9751999974250793 0.8126666645208995
110110010000101011100101000000011100110101000111001101100100011100101 0.9749000072479248 0.8070005615552267
110110010000101011100101001000010100110100101111001101111100011100101 0.9749000072479248 0.8388202145695686
110010010001101011100101001000010100110101101111101011111100101100101 0.9747999906539917 0.8402572836106021
111111001100001000000001110101000110101100100111001011110110001100100 0.9746999740600586 0.9446820400763248
110010010001001011100101001100110001001100100111000011110100100100101 0.9746999740600586 0.804865887670806
110010010001001011100101001110110001001100100111001001111100111100101 0.9745000004768372 0.826848485253074
110110010000111011000100101100100101011101011111101101110111111000111 0.9745000004768372 0.8750197920948267
	Generation 23
111101000100001000000001110101000110101110100111110010110111001100100 0.9804999828338623 0.9130017956097921
110110010000101011000101000000011100110101000111001111111100011100101 0.9790999889373779 0.8077574908733368
110110010000101011100101001000010100110100101111001101111100001100101 0.9790999889373779 0.7955187410116196
110110010000101011000101000100100001101101010111001111111111010010111 0.9789000153541565 0.8184691795044475
110010010001001011100101001100110000110101101111100010110100110100101 0.9783999919891357 0.8280729098866383
110010010101001011001101001110110000110101101111100011111100111100101 0.9778000116348267 0.8352041766047478
110010010001001011100101001100110001001100101111000010110100110100101 0.9775000214576721 0.8324023620225489
110010010001001011100101001100110001001100100111000010110100100100101 0.977400004863739 0.8737363679842515
110110010000101011100101001000010100110101111101001101111100011100101 0.9771000146865845 0.8061075121164322
110010010001101011110101001001000110101100101111001110110111001100101 0.9768999814987183 0.8725955563907821
100111010000101011000101001100011100110101000001001000011101100100101 0.9767000079154968 0.8356211178832584
110010010001001011100101001100110001001100100111001011111100001100101 0.9764999747276306 0.8877272497523915
110010010101001011000101001110110001001100100111100010110100111100101 0.9764999747276306 0.8877272497523915
110110010000101011100101001000010100110100101111001101110111001100101 0.9764999747276306 0.8015437292555968
110110010000101011100101011001000110101100101111001110110111001100101 0.9764000177383423 0.8177350148558616
110110010000101011100101001001000110101110100111001001110100011100101 0.9760000109672546 0.8024888979064093
111111000100001000000001110101000110001110100111110010110111001100100 0.9757999777793884 0.9086253416279089
110010010001001011100101001000110000110101101111100011111100110100101 0.9757000207901001 0.823246892541647
110010010001101011100101001000010100110000100111000010111100000100101 0.975600004196167 0.87951818560109
110110010100101011100101001000010001001100100111001001110100111100101 0.9751999974250793 0.8126666645208995
110110010000101011100101001000010100110100101111001101101100001100101 0.9750000238418579 0.8003125195701917
110110010000101011100101000000011100110101000111001101100100011100101 0.9749000072479248 0.8070005615552267
110110010000101011100101001000010100110100101111001101111100011100101 0.9749000072479248 0.7961683392524719
110010010001101011100101001000010100110101101111101011111100101100101 0.9747999906539917 0.8402572836106021
111111001100001000000001110101000110101100100111001011110110001100100 0.9746999740600586 0.9146641060925912
	Generation 24
110010010101001011000101001110110001001100100111100010110110111100101 0.9807000160217285 0.8618272868069735
111101000100001000000001110101000110101110100111110010110111001100100 0.9804999828338623 0.9431983530521393
110110010000101011000101000000011100110101000111001111111100011100101 0.9790999889373779 0.8077574908733368
110110010000101011100101001000010100110100101111001101111100001100101 0.9790999889373779 0.7955187410116196
110110010000101011000101000100100001101101010111001111111111010010111 0.9789000153541565 0.8184691795044475
110010010001001011100101001100110000110101101111100010110100110100101 0.9783999919891357 0.8229770765950283
110010010001101011100101001000010100110100101111100011111100111100101 0.9783999919891357 0.8255249932408333
110010010101001011001101001110110000110101101111100011111100111100101 0.9778000116348267 0.8301114682108164
110010010001001011100101001100110001001100101111000010110100110100101 0.9775000214576721 0.8273112160774568
110010010001001011100101001100110001001100100111000010110100100100101 0.977400004863739 0.8441181860186837
110110010000101011100101001000010100110101111101001101111100011100101 0.9771000146865845 0.8061075121164322
110010010001101011110101001001000110101100101111001110110111001100101 0.9768999814987183 0.8751395667592685
100111010000101011000101001100011100110101000001001000011101100100101 0.9767000079154968 0.8356211178832584
110010010001001011100101001100110001001100100111001011111100001100101 0.9764999747276306 0.8507386143460418
110110010000101011100101001000010100110100101111001101110111001100101 0.9764999747276306 0.8015437292555968
110110010000101011100101011001000110101100101111001110110111001100101 0.9764000177383423 0.8177350148558616
110110010000101011100101001001000110101110100111001001110100011100101 0.9760000109672546 0.8024888979064093
111111000100001000000001110101000110001110100111110010110111001100100 0.9757999777793884 0.9386771525377813
110010010001001011100101001000110000110101101111100011111100110100101 0.9757000207901001 0.8181651216000319
110010010001101011100101001000010100110000100111000010111100000100101 0.975600004196167 0.8536500036716461
110010010101001011000101001110110001001100100111001011110100101100101 0.9753000140190125 0.8533875122666359
110110010100101011100101001000010001001100100111001001110100111100101 0.9751999974250793 0.8126666645208995
110110010000101011100101001000010100110100101111001101101100001100101 0.9750000238418579 0.8003125195701917
110110010000101011100101000000011100110101000111001101100100011100101 0.9749000072479248 0.8070005615552267
110110010000101011100101001000010100110100101111001101111100011100101 0.9749000072479248 0.7961683392524719
	Generation 25
110010010101001011000101001110110001001100100111100010110110111100101 0.9807000160217285 0.8061056949875571
111101000100001000000001110101000110101110100111110010110111001100100 0.9804999828338623 0.9431983530521393
110110010000101011000101000000011100110101000111001111111100011100101 0.9790999889373779 0.8757505456606548
110110010000101011100101001000010100110100101111001101111100001100101 0.9790999889373779 0.846513532102108
110110010000101011000101000100100001101101010111001111111111010010111 0.9789000153541565 0.8810100138187409
110010010001001011100101001100110000110101101111100010110100110100101 0.9783999919891357 0.7898541601995627
110010010001101011100101001000010100110100101111100011111100111100101 0.9783999919891357 0.7924020768453678
110010010001101011100101001010110000110101101111100010111100100100101 0.9783999919891357 0.7974979101369778
100111010000101011000101001100011100110101101111100011111101101100101 0.9782000184059143 0.8763041831552982
110010010101001011001101001110110000110101101111100011111100111100101 0.9778000116348267 0.8021015720441937
110010010001001011100101001100110001001100101111000010110100110100101 0.9775000214576721 0.7967643404069046
110010010001001011100101001100110001001100100111000010110100100100101 0.977400004863739 0.781179549341852
110010010001101011100101001000010001001100100111001011111100111100101 0.977400004863739 0.7922863675789399
111111000100001000000001110101000110001110100111110010110111110100100 0.977400004863739 0.9402163090265316
110110010000101011100101001000010100110101111101001101111100011100101 0.9771000146865845 0.8549625128507614
110010010001101011110101001001000110101100101111001110110111001100101 0.9768999814987183 0.8522434734428923
100111010000101011000101001100011100110101000001001000011101100100101 0.9767000079154968 0.8898822294341193
110010010001001011100101001100110001001100100111001011111100001100101 0.9764999747276306 0.7804602070739775
110110010000101011100101001000010100110100101111001101110111001100101 0.9764999747276306 0.8442656031499307
110110010000101011100101011001000110101100101111001110110111001100101 0.9764000177383423 0.8543500155210495
110110010000101011100101001001000110101110100111001001110100011100101 0.9760000109672546 0.8784000098705292
110010010001001011100101001000110000110101101111100011111100110100101 0.9757000207901001 0.7851336104795337
110010010001101011100101001000010100110000100111000010111100000100101 0.975600004196167 0.7908272761287111
110010010101001011001101001100010100110000100111000011111100011100101 0.9753999710083008 0.7795810374346646
110010010101001011000101001110110001001100100111001011110100101100101 0.9753000140190125 0.7831954658031464
	Generation 26
110010010101001011000101001110110001001100100111100010110110111100101 0.9807000160217285 0.835823877291246
111101000100001000000001110101000110101110100111110010110111001100100 0.9804999828338623 0.9431983530521393
110110010000101011000101000000011100110101000111001111111100011100101 0.9790999889373779 0.8403941571712494
110110010000101011100101001000010100110100101111001101111100001100101 0.9790999889373779 0.846513532102108
110110010000101011000101000100100001101101010111001111111111010010111 0.9789000153541565 0.8483800133069357
100111010000101011000101001100011100110101100111001011111100011100101 0.9787999987602234 0.8455744433734153
110010010001001011100101001100110000110101101111100010110100110100101 0.9783999919891357 0.7898541601995627
110010010001101011100101001000010100110100101111100011111100111100101 0.9783999919891357 0.7924020768453678
110010010001101011100101001010110000110101101111100010111100100100101 0.9783999919891357 0.7974979101369778
100111010000101011000101001100011100110101101111100011111101101100101 0.9782000184059143 0.8763041831552982
110010010101001011001101001110110000110101101111100011111100111100101 0.9778000116348267 0.8021015720441937
110010010001001011100101001100110001001100101111000010110100110100101 0.9775000214576721 0.7967643404069046
110010010001001011100101001100110001001100100111000010110100100100101 0.977400004863739 0.8107977313074199
110010010001101011100101001000010001001100100111001011111100111100101 0.977400004863739 0.8256068222902038
111111000100001000000001110101000110001110100111110010110111110100100 0.977400004863739 0.9402163090265316
110110010000101011100101001000010100110101111101001101111100011100101 0.9771000146865845 0.8549625128507614
110010010001101011110101001001000110101100101111001110110111001100101 0.9768999814987183 0.8522434734428923
100111010000101011000101001100011100110101000001001000011101100100101 0.9767000079154968 0.8573255625036028
110010010001001011100101001100110001001100100111001011111100001100101 0.9764999747276306 0.8174488424803272
110110010000101011100101001000010100110100101111001101110111001100101 0.9764999747276306 0.8442656031499307
110110010000101011100101011001000110101100101111001110110111001100101 0.9764000177383423 0.8543500155210495
110110010000101011100101001001000110101110100111001001110100011100101 0.9760000109672546 0.8458666761716207
110010010001001011100101001000110000110101101111100011111100110100101 0.9757000207901001 0.7851336104795337
110010010001101011100101001000010100110000100111000010111100000100101 0.975600004196167 0.816695458058155
110010010101001011001101001100010100110000100111000011111100011100101 0.9753999710083008 0.816528006033464
	Generation 27
110010010101001011000101001110110001001100100111100010110110111100101 0.9807000160217285 0.8692568323828957
111101000100001000000001110101000110101110100111110010110111001100100 0.9804999828338623 0.9431983530521393
100111010000101011000101001100011100110101100111100011111101101100101 0.9804999828338623 0.833424985408783
100111010000101011000101000100011100110101100111001011111100011100101 0.9793999791145325 0.8107255382670298
110110010000101011000101000000011100110101000111001111111100011100101 0.9790999889373779 0.8104772130648296
110110010000101011100101001000010100110100101111001101111100001100101 0.9790999889373779 0.846513532102108
110110010000101011000101000100100001101101010111001111111111010010111 0.9789000153541565 0.8211883462137647
110010010001001011100101001100110000110101101111100010110100110100101 0.9783999919891357 0.7898541601995627
110010010001101011100101001000010100110100101111100011111100111100101 0.9783999919891357 0.7924020768453678
110010010001101011100101001010110000110101101111100010111100100100101 0.9783999919891357 0.7974979101369778
100111010000101011000101001100011100110101101111100011111101101100101 0.9782000184059143 0.8763041831552982
110010010101001011001101001110110000110101101111100011111100111100101 0.9778000116348267 0.8021015720441937
110010010001001011100101001100110001001100101111000010110100110100101 0.9775000214576721 0.7967643404069046
110010010001001011100101001100110001001100100111000010110100100100101 0.977400004863739 0.8441181860186837
110010010001101011100101001000010001001100100111001011111100111100101 0.977400004863739 0.8552250042557716
111111000100001000000001110101000110001110100111110010110111110100100 0.977400004863739 0.9402163090265316
110110010000101011100101001000010100110101111101001101111100011100101 0.9771000146865845 0.8549625128507614
110010010001101011110101001001000110101100101111001110110111001100101 0.9768999814987183 0.8522434734428923
100111010000101011000101001100011100110101000001001000011101100100101 0.9767000079154968 0.8301950067281723
110010010001001011100101001100110001001100100111001011111100001100101 0.9764999747276306 0.8507386143460418
110110010000101011100101001000010100110100101111001101110111001100101 0.9764999747276306 0.8442656031499307
110110010000101011100101011001000110101100101111001110110111001100101 0.9764000177383423 0.8543500155210495
110110010000101011100101001001000110101110100111001001110100011100101 0.9760000109672546 0.8187555647558636
110010010001001011100101001000110000110101101111100011111100110100101 0.9757000207901001 0.7851336104795337
110010010001101011100101001000010100110000100111000010111100000100101 0.975600004196167 0.8462590945489479
	Generation 28
110010010101001011000101001110110001001100100111100010110110111100101 0.9807000160217285 0.8729716051708568
111101000100001000000001110101000110101110100111110010110111001100100 0.9804999828338623 0.9058967232704163
100111010000101011000101001100011100110101100111100011111101101100101 0.9804999828338623 0.8225305411550734
100111010000101011000101000100011100110101100111001011111100011100101 0.9793999791145325 0.8107255382670298
111101000100001000000001001001000110101110100111110010110111001100101 0.9793999791145325 0.9084289661352185
110110010000101011000101000000011100110101000111001111111100011100101 0.9790999889373779 0.8186363796393077
110110010000101011100101001000010100110100101111001101111100001100101 0.9790999889373779 0.846513532102108
110110010000101011000101000100100001101101010111001111111111010010111 0.9789000153541565 0.8293458463417159
110010010001001011100101001100110000110101101111100010110100110100101 0.9783999919891357 0.8255249932408333
110010010001101011100101001000010100110100101111100011111100111100101 0.9783999919891357 0.8280729098866383
110010010001101011100101001010110000110101101111100010111100100100101 0.9783999919891357 0.8306208265324434
100111010000101011000101001100011100110101101111100011111101101100101 0.9782000184059143 0.8763041831552982
110010010101001011001101001110110000110101101111100011111100111100101 0.9778000116348267 0.8377505308017135
100111010000101011000101001100011001001100100111100010011101100100101 0.9776999950408936 0.8256133291456434
110010010001001011100101001100110001001100101111000010110100110100101 0.9775000214576721 0.8298567890500029
110010010001001011100101001100110001001100100111000010110100100100101 0.977400004863739 0.8552250042557716
110010010001101011100101001000010001001100100111001011111100111100101 0.977400004863739 0.8515227315100756
111111000100001000000001110101000110001110100111110010110111110100100 0.977400004863739 0.9065739175547725
110110010000101011100101001000010100110101111101001101111100011100101 0.9771000146865845 0.8549625128507614
110010010001101011110101001001000110101100101111001110110111001100101 0.9768999814987183 0.870051546022296
100111010000101011000101001100011100110101000001001000011101100100101 0.9767000079154968 0.8301950067281723
110010010101101011100101001000010001001000100111001011111100001100101 0.9765999913215637 0.8545249924063683
110010010001001011100101001100110001001100100111001011111100001100101 0.9764999747276306 0.8470397508054068
110110010000101011100101001000010100110100101111001101110111001100101 0.9764999747276306 0.8442656031499307
110110010000101011100101011001000110101100101111001110110111001100101 0.9764000177383423 0.8543500155210495
	Generation 29
110010010101001011000101001110110001001100100111100010110110111100101 0.9807000160217285 0.8729716051708568
111101000100001000000001110101000110101110100111110010110111001100100 0.9804999828338623 0.9058967232704163
100111010000101011000101001100011100110101100111100011111101101100101 0.9804999828338623 0.8225305411550734
100111010000101011000101000100011100110101100111001011111100011100101 0.9793999791145325 0.8107255382670298
111101000100001000000001001001000110101110100111110010110111001100101 0.9793999791145325 0.9084289661352185
110110010000101011000101000000011100110101000111001111111100011100101 0.9790999889373779 0.8186363796393077
110110010000101011100101001000010100110100101111001101111100001100101 0.9790999889373779 0.846513532102108
110110010000101011000101000100100001101101010111001111111111010010111 0.9789000153541565 0.8293458463417159
110010010001001011100101001100110000110101101111100010110100110100101 0.9783999919891357 0.8255249932408333
110010010001101011100101001000010100110100101111100011111100111100101 0.9783999919891357 0.8280729098866383
110010010001101011100101001010110000110101101111100010111100100100101 0.9783999919891357 0.8306208265324434
100111010000101011000101001100011100110101101111100011111101101100101 0.9782000184059143 0.8763041831552982
110010010101001011001101001110110000110101101111100011111100111100101 0.9778000116348267 0.8377505308017135
100111010000101011000101001100011001001100100111100010011101100100101 0.9776999950408936 0.8256133291456434
110010010001001011100101001100110001001100101111000010110100110100101 0.9775000214576721 0.8298567890500029
110010010001001011100101001100110001001100100111000010110100100100101 0.977400004863739 0.8552250042557716
110010010001101011100101001000010001001100100111001011111100111100101 0.977400004863739 0.8515227315100756
111111000100001000000001110101000110001110100111110010110111110100100 0.977400004863739 0.9065739175547725
110110010000101011100101001000010100110101111101001101111100011100101 0.9771000146865845 0.8549625128507614
110010010001101011110101001001000110101100101111001110110111001100101 0.9768999814987183 0.870051546022296
100111010000101011000101001100011100110101000001001000011101100100101 0.9767000079154968 0.8301950067281723
110010010101101011100101001000010001001000100111001011111100001100101 0.9765999913215637 0.8545249924063683
110010010001001011100101001100110001001100100111001011111100001100101 0.9764999747276306 0.8470397508054068
110110010000101011100101001000010100110100101111001101110111001100101 0.9764999747276306 0.8442656031499307
110110010000101011100101011001000110101100101111001110110111001100101 0.9764000177383423 0.8543500155210495
