Generation 0 done
0001101000000111010011100010010100110001110100100000010010110100011 0.9366999864578247
Generation 1 done
0001101000000111010011100010010100110001110100100000010010110100011 0.9366999864578247
Generation 2 done
0001101000000111010011100010010100110001110100100000010010110100011 0.9366999864578247
Generation 3 done
1101101000000110011010111100100010011000011101011010010000110000111 0.9722999930381775
Generation 4 done
1101101000000110011010111100100010011000011101011010010000110000111 0.9722999930381775
Generation 5 done
1101101000000110011010111100100010011000011101011010010000110000111 0.9722999930381775
Generation 6 done
1101101000000110011010111100100010011000011101011010010000110000111 0.9722999930381775
Generation 7 done
1101101000000110011010111100100010011000011101011010010000110000111 0.9722999930381775
Generation 8 done
1101101000000110011010111100100010011000011101011010010000110000111 0.9722999930381775
Generation 9 done
[0.9366999864578247, 0.9366999864578247, 0.9366999864578247, 0.9722999930381775, 0.9722999930381775, 0.9722999930381775, 0.9722999930381775, 0.9722999930381775, 0.9722999930381775, 0.9722999930381775]
[1, 1, 0, 1, 1, 0, 1, 0, 0, 0, 0, 0, 0, 1, 1, 0, 0, 1, 1, 0, 1, 0, 1, 1, 1, 1, 0, 0, 1, 0, 0, 0, 1, 0, 0, 1, 1, 0, 0, 0, 0, 1, 1, 1, 0, 1, 0, 1, 1, 0, 1, 0, 0, 1, 0, 0, 0, 0, 1, 1, 0, 0, 0, 0, 1, 1, 1] 0.9722999930381775 0.7130199948946634
Generation 0
1001010011000011010000111000110101100100101110000101101011101010100 0.675599992275238 0.6566831924915314
0100000111110101010000001011011010011101110110010010100111001111001 0.19439999759197235 0.16475399795919657
0000001011000110100011111101100010110010010110111010110001110010001 0.11739999800920486 0.096561498362571
1100100001001100101100001111001110101010010001000011011101000011100 0.4918999969959259 0.4328719973564148
1100000111011111000001111110000100110101101111100111010001110001111 0.8015000224113464 0.6832787691056729
0100000000000001111010000001111000011011000111100010001111000010101 0.8759999871253967 0.7577399888634682
0100101000101010101100110101111010111100101001100100101010010000001 0.11460000276565552 0.10126472971656106
1100111001111111011001110101000111110000011010000011110010110011111 0.34709998965263367 0.2950349912047386
1100011111100011110101011101110001111101001101101101100001001100011 0.9186999797821045 0.8251596182042902
0100101100011000011011101010100011110111001100001010001000011111101 0.8540999889373779 0.7516079902648926
1000101110000000011101101001100100010000110100001111001010011011001 0.13210000097751617 0.11432654630054127
0000101101001111001001001001101110011100011011101010000001010100010 0.9071000218391418 0.7710350185632705
1000001011001110010001111000111111111110100000100011001000011110001 0.09719999879598618 0.08694981710477309
1100101110001111100001000100100101010000001010000011111110001101100 0.43799999356269836 0.3701099945604801
0000111110101100001000110100011111010011111110010101010000111010000 0.10320000350475311 0.08720400296151638
0001101000000111010011100010010100110001110100100000010010110100011 0.9366999864578247 0.9092234535217285
1100011101011110110010010000001011000101100100010101001011100111000 0.15080000460147858 0.1310589130900123
1000000110011000010101101111111110100111111001010100111111000000110 0.3276999890804291 0.2871843540668487
0100101110101000100011001110111010011000001110111010110001011010000 0.0803999975323677 0.06733499793335795
0100101010010110011010111100100001011000011101010000011100011011001 0.13189999759197235 0.11511272517117586
0000011011100101111101101000000001101010111010001010000011011101100 0.7429999709129333 0.6278349754214286
0100010001011111010010001111110110111011010100000101110110111011101 0.1665000021457672 0.1453090927817605
1100100011111101011010100101000000111000010011010111010010111000010 0.10980000346899033 0.09442800298333168
1001110110010100000010010111110100011011011010101001100101010101111 0.19779999554157257 0.1918659956753254
1001000010010100111000011010111001000010011011111110101111100100010 0.29249998927116394 0.283724989593029
1101110111000111011100000110111110000000011000100000000000100100001 0.748199999332428 0.7262527993520101
1 0 0 0 0 0 0 0 0 0 0 0 0 0 0 0 0 0 0 0 0 0 0 0.35 0.35 0
0 1 0.4375 0 0.3125 0.4375 0 0.3125 0 0 0 0.375 0 0.4375 0.3125 0 0 0 0.4375 0 0.5 0 0.25 0 0 0
0 0.4375 1 0 0.4375 0.4375 0 0.5 0 0 0 0.4375 0 0.375 0.4375 0 0 0 0.625 0 0.4375 0 0.3125 0 0 0
0 0 0 1 0 0 0.18181818181818182 0 0.18181818181818182 0.2727272727272727 0.36363636363636365 0 0.5454545454545454 0 0 0 0.2727272727272727 0.18181818181818182 0 0.5454545454545454 0 0.45454545454545453 0 0 0 0
0 0.3125 0.4375 0 1 0.4375 0 0.375 0 0 0 0.4375 0 0.25 0.4375 0 0 0 0.25 0 0.25 0 0.5 0 0 0
0 0.4375 0.4375 0 0.4375 1 0 0.1875 0 0 0 0.5 0 0.25 0.1875 0 0 0 0.375 0 0.375 0 0.1875 0 0 0
0 0 0 0.18181818181818182 0 0 1 0 0.45454545454545453 0.2727272727272727 0.36363636363636365 0 0.18181818181818182 0 0 0 0.18181818181818182 0.6363636363636364 0 0.36363636363636365 0 0.2727272727272727 0 0 0 0
0 0.3125 0.5 0 0.375 0.1875 0 1 0 0 0 0.25 0 0.5625 0.4375 0 0 0 0.3125 0 0.3125 0 0.5 0 0 0
0 0 0 0.18181818181818182 0 0 0.45454545454545453 0 1 0.18181818181818182 0.2727272727272727 0 0.09090909090909091 0 0 0 0.36363636363636365 0.45454545454545453 0 0.18181818181818182 0 0.36363636363636365 0 0 0 0
0 0 0 0.2727272727272727 0 0 0.2727272727272727 0 0.18181818181818182 1 0.5454545454545454 0 0.36363636363636365 0 0 0 0.45454545454545453 0.2727272727272727 0 0.36363636363636365 0 0.2727272727272727 0 0 0 0
0 0 0 0.36363636363636365 0 0 0.36363636363636365 0 0.2727272727272727 0.5454545454545454 1 0 0.36363636363636365 0 0 0 0.36363636363636365 0.36363636363636365 0 0.36363636363636365 0 0.36363636363636365 0 0 0 0
0 0.375 0.4375 0 0.4375 0.5 0 0.25 0 0 0 1 0 0.3125 0.25 0 0 0 0.4375 0 0.5 0 0.25 0 0 0
0 0 0 0.5454545454545454 0 0 0.18181818181818182 0 0.09090909090909091 0.36363636363636365 0.36363636363636365 0 1 0 0 0 0.36363636363636365 0.09090909090909091 0 0.36363636363636365 0 0.2727272727272727 0 0 0 0
0 0.4375 0.375 0 0.25 0.25 0 0.5625 0 0 0 0.3125 0 1 0.4375 0 0 0 0.5 0 0.375 0 0.375 0 0 0
0 0.3125 0.4375 0 0.4375 0.1875 0 0.4375 0 0 0 0.25 0 0.4375 1 0 0 0 0.5 0 0.3125 0 0.5625 0 0 0
0 0 0 0 0 0 0 0 0 0 0 0 0 0 0 1 0 0 0 0 0 0 0 0 0 0.7333333333333333
0 0 0 0.2727272727272727 0 0 0.18181818181818182 0 0.36363636363636365 0.45454545454545453 0.36363636363636365 0 0.36363636363636365 0 0 0 1 0.36363636363636365 0 0.36363636363636365 0 0.5454545454545454 0 0 0 0
0 0 0 0.18181818181818182 0 0 0.6363636363636364 0 0.45454545454545453 0.2727272727272727 0.36363636363636365 0 0.09090909090909091 0 0 0 0.36363636363636365 1 0 0.36363636363636365 0 0.36363636363636365 0 0 0 0
0 0.4375 0.625 0 0.25 0.375 0 0.3125 0 0 0 0.4375 0 0.5 0.5 0 0 0 1 0 0.4375 0 0.1875 0 0 0
0 0 0 0.5454545454545454 0 0 0.36363636363636365 0 0.18181818181818182 0.36363636363636365 0.36363636363636365 0 0.36363636363636365 0 0 0 0.36363636363636365 0.36363636363636365 0 1 0 0.2727272727272727 0 0 0 0
0 0.5 0.4375 0 0.25 0.375 0 0.3125 0 0 0 0.5 0 0.375 0.3125 0 0 0 0.4375 0 1 0 0.375 0 0 0
0 0 0 0.45454545454545453 0 0 0.2727272727272727 0 0.36363636363636365 0.2727272727272727 0.36363636363636365 0 0.2727272727272727 0 0 0 0.5454545454545454 0.36363636363636365 0 0.2727272727272727 0 1 0 0 0 0
0 0.25 0.3125 0 0.5 0.1875 0 0.5 0 0 0 0.25 0 0.375 0.5625 0 0 0 0.1875 0 0.375 0 1 0 0 0
0.35 0 0 0 0 0 0 0 0 0 0 0 0 0 0 0 0 0 0 0 0 0 0 1 0.4 0
0.35 0 0 0 0 0 0 0 0 0 0 0 0 0 0 0 0 0 0 0 0 0 0 0.4 1 0
0 0 0 0 0 0 0 0 0 0 0 0 0 0 0 0.7333333333333333 0 0 0 0 0 0 0 0 0 1
Generation 1
0001101000000111010011100010010100110001110100100000010010110100011 0.9366999864578247 0.9092234535217285
1100011100000011110101011101110001111101001101101101100001001100011 0.9297999739646912 0.8114617954600941
1100011111100011110101011101110001111101001101101101100001001100011 0.9186999797821045 0.8017745278098366
0000101101001111001001001001101110011100011011101010000001010100010 0.9071000218391418 0.7370187677443027
0100000000000001111010000001111000011011000111100010001111000010101 0.8759999871253967 0.7270799893140792
0000011011100101111000011000001001000010011011111110101111000100001 0.8550000190734863 0.7011000156402588
0100101100011000011011101010100011110111001100001010001000011111101 0.8540999889373779 0.7764545353976162
0000011011100101111001110101001111110000011010001010000011010001110 0.847599983215332 0.6780799865722656
0100101010010110011010111100100010011000011101010000111100011100011 0.8292999863624573 0.7327996243130076
1001110111000111010110010111110100010011011010101001101000010101001 0.8140000104904175 0.7716720099449157
1100000111011111000001111110000100110101101111100111010001110001111 0.8015000224113464 0.6812750190496445
0100000011100001111010000001111000011011000111100010001111000010101 0.7670000195503235 0.6251050159335136
1101110111000111011100000110111110000000011000100000000000100100001 0.748199999332428 0.7262527993520101
0000011011100101111101101000000001101010111010001010000011011101100 0.7429999709129333 0.6036874763667583
1001010011000011010000111000110101100100101110000101101011101010100 0.675599992275238 0.6485759925842285
0001101000000111010011100010010100110001110111100000010011000010101 0.6140000224113464 0.5906680215597152
1100011101011110110010010000001011000101100100010101101011110111010 0.5961999893188477 0.5289919905229049
0000101101001111001001001001101100011100011011001010000001010111000 0.4973999857902527 0.40165048852562907
1100100001001100101100001111001110101010010001000011011101000011100 0.4918999969959259 0.4507592699744485
1100111001111111011001110101100110100111110001000100111111000000110 0.4603999853134155 0.4101745323701338
1100101110001111100001000100100101010000001010000011111110001101100 0.43799999356269836 0.3810599943995476
1100011111011110110010010000101011000101100110000101101011101111000 0.430400013923645 0.37444801211357115
0100000000100001111010000001111000011011000100100010001110110100011 0.4043000042438507 0.3675454584035006
1001110010010100000010010111110100010011011010101001000101000101101 0.36660000681877136 0.3482700064778328
1100111001111111011001110101000111110000011010000011110010110011111 0.34709998965263367 0.30458024092018604
1000000110011000010101101111111110100111111001010100111111000000110 0.3276999890804291 0.2871843540668487
1 0 0 0 0 0 0 0 0 0 0 0 0.7333333333333333 0 0 0 0 0 0 0 0 0 0 0 0 0
0 1 0.8181818181818182 0 0 0 0.2727272727272727 0 0.36363636363636365 0 0 0 0 0 0 0 0.45454545454545453 0 0.18181818181818182 0.36363636363636365 0 0 0.2727272727272727 0 0 0.45454545454545453
0 0.8181818181818182 1 0 0 0 0.18181818181818182 0 0.36363636363636365 0 0 0 0 0 0 0 0.45454545454545453 0 0.18181818181818182 0.36363636363636365 0 0 0.36363636363636365 0 0 0.45454545454545453
0 0 0 1 0.5 0.5 0 0.5625 0 0 0.4375 0.5 0 0.5 0 0 0 0.875 0 0 0.3125 0.25 0 0 0.25 0
0 0 0 0.5 1 0.5 0 0.4375 0 0 0.4375 0.875 0 0.375 0 0 0 0.5 0 0 0.25 0.1875 0 0 0.1875 0
0 0 0 0.5 0.5 1 0 0.5625 0 0 0.375 0.625 0 0.5 0 0 0 0.4375 0 0 0.3125 0.4375 0 0 0.25 0
0 0.2727272727272727 0.18181818181818182 0 0 0 1 0 0.2727272727272727 0 0 0 0 0 0 0 0.36363636363636365 0 0.2727272727272727 0.09090909090909091 0 0 0.5454545454545454 0 0 0.2727272727272727
0 0 0 0.5625 0.4375 0.5625 0 1 0 0 0.375 0.5625 0 0.875 0 0 0 0.625 0 0 0.25 0.375 0 0 0.375 0
0 0.36363636363636365 0.36363636363636365 0 0 0 0.2727272727272727 0 1 0 0 0 0 0 0 0 0.36363636363636365 0 0.36363636363636365 0.45454545454545453 0 0 0.2727272727272727 0 0 0.45454545454545453
0 0 0 0 0 0 0 0 0 1 0 0 0 0 0.4 0.3 0 0 0 0 0 0 0 0.6 0 0
0 0 0 0.4375 0.4375 0.375 0 0.375 0 0 1 0.4375 0 0.25 0 0 0 0.4375 0 0 0.25 0.375 0 0 0.375 0
0 0 0 0.5 0.875 0.625 0 0.5625 0 0 0.4375 1 0 0.5 0 0 0 0.5 0 0 0.25 0.1875 0 0 0.1875 0
0.7333333333333333 0 0 0 0 0 0 0 0 0 0 0 1 0 0 0 0 0 0 0 0 0 0 0 0 0
0 0 0 0.5 0.375 0.5 0 0.875 0 0 0.25 0.5 0 1 0 0 0 0.5625 0 0 0.375 0.4375 0 0 0.3125 0
0 0 0 0 0 0 0 0 0 0.4 0 0 0 0 1 0.3 0 0 0 0 0 0 0 0.3 0 0
0 0 0 0 0 0 0 0 0 0.3 0 0 0 0 0.3 1 0 0 0 0 0 0 0 0.35 0 0
0 0.45454545454545453 0.45454545454545453 0 0 0 0.36363636363636365 0 0.36363636363636365 0 0 0 0 0 0 0 1 0 0.18181818181818182 0.36363636363636365 0 0 0.18181818181818182 0 0 0.45454545454545453
0 0 0 0.875 0.5 0.4375 0 0.625 0 0 0.4375 0.5 0 0.5625 0 0 0 1 0 0 0.3125 0.3125 0 0 0.25 0
0 0.18181818181818182 0.18181818181818182 0 0 0 0.2727272727272727 0 0.36363636363636365 0 0 0 0 0 0 0 0.18181818181818182 0 1 0.45454545454545453 0 0 0.2727272727272727 0 0 0.18181818181818182
0 0.36363636363636365 0.36363636363636365 0 0 0 0.09090909090909091 0 0.45454545454545453 0 0 0 0 0 0 0 0.36363636363636365 0 0.45454545454545453 1 0 0 0.09090909090909091 0 0 0.5454545454545454
0 0 0 0.3125 0.25 0.3125 0 0.25 0 0 0.25 0.25 0 0.375 0 0 0 0.3125 0 0 1 0.375 0 0 0.5625 0
0 0 0 0.25 0.1875 0.4375 0 0.375 0 0 0.375 0.1875 0 0.4375 0 0 0 0.3125 0 0 0.375 1 0 0 0.3125 0
0 0.2727272727272727 0.36363636363636365 0 0 0 0.5454545454545454 0 0.2727272727272727 0 0 0 0 0 0 0 0.18181818181818182 0 0.2727272727272727 0.09090909090909091 0 0 1 0 0 0.2727272727272727
0 0 0 0 0 0 0 0 0 0.6 0 0 0 0 0.3 0.35 0 0 0 0 0 0 0 1 0 0
0 0 0 0.25 0.1875 0.25 0 0.375 0 0 0.375 0.1875 0 0.3125 0 0 0 0.25 0 0 0.5625 0.3125 0 0 1 0
0 0.45454545454545453 0.45454545454545453 0 0 0 0.2727272727272727 0 0.45454545454545453 0 0 0 0 0 0 0 0.45454545454545453 0 0.18181818181818182 0.5454545454545454 0 0 0.2727272727272727 0 0 1
Generation 2
0001101000000111010011100010010100110001110100100000010010110100011 0.9366999864578247 0.8667597208023071
0100101010000011110101011101111001111100011101101101101100001100011 0.9337000250816345 0.763936384157701
1100011100000011110101011101110001111101001101101101100001001100011 0.9297999739646912 0.7641265240582552
0000011011100101111101101000010001101010111000100000010010110100110 0.927299976348877 0.7991639796170321
1101110111000111111100000110111001111101001101100100000001001100001 0.9229999780654907 0.8565439796447754
1100011111100011110101011101110001111101001101101101100001001100011 0.9186999797821045 0.7550043470209294
0001101000000110011010111100100010011000011101010000010010110100011 0.9106000065803528 0.8547498728434245
0000101101001111001001001001101110011100011011101010000001010100010 0.9071000218391418 0.7256800174713135
0100101010010110011010111100100010011000011101010001111100010101011 0.8927000164985657 0.7368832863460888
0100000000000001111010000001111000011011000111100010001111000010101 0.8759999871253967 0.7051799896359443
0000011011100101111000011000001001000010011011111110101111000100001 0.8550000190734863 0.6904125154018402
0100101100011000011011101010100011110111001100001010001000011111101 0.8540999889373779 0.7702428991144354
1100011111100011111101011101110110000000011000100001100000100100011 0.8519999980926514 0.7094836347753352
0000011011100101111001110101001111110000011010001010000011010001110 0.847599983215332 0.6590089869499206
1100011100010110011010101100100010011001001101010000110001011100011 0.8379999995231628 0.6764945450696078
0100101010010110011010111100100010011000011101010000111100011100011 0.8292999863624573 0.666455625404011
1100011100000011110101011101110001111101001111100111000001110000011 0.8285999894142151 0.6835949912667274
1001110111000111010110010111110100010011011010101001101000010101001 0.8140000104904175 0.8140000104904175
1100000111011111000001111110000100110101101111100111010001110001111 0.8015000224113464 0.6672487686574459
0000101111011110110010010000101010011100011011100101101101010111000 0.8014000058174133 0.6731760048866272
0000011011100101111001110101001111110000011010001010000011011001110 0.7746000289916992 0.615807023048401
0100000011100001111010000001111000011011000111100010001111000010101 0.7670000195503235 0.6040125153958797
1101110111000111011100000110111110000000011000100000000000100100001 0.748199999332428 0.6883439993858338
0000011011100101111101101000000001101010111010001010000011011101100 0.7429999709129333 0.5943999767303467
1100111001111111011001110101000110011100011010101010000000110010111 0.7196999788284302 0.6009494823217392
0100101010010110011010111100100010011001111001010100111111010100010 0.7039999961853027 0.5708799969066273
1 0 0 0 0.5333333333333333 0 0.6 0 0 0 0 0 0 0 0 0 0 0 0 0 0 0 0.7333333333333333 0 0 0
0 1 0.8181818181818182 0.18181818181818182 0 0.7272727272727273 0 0 0.5454545454545454 0 0 0.2727272727272727 0.45454545454545453 0 0.36363636363636365 0.5454545454545454 0 0 0 0 0 0 0 0 0 0.6363636363636364
0 0.8181818181818182 1 0.2727272727272727 0 0.8181818181818182 0 0 0.36363636363636365 0 0 0.2727272727272727 0.5454545454545454 0 0.5454545454545454 0.36363636363636365 0 0 0 0 0 0 0 0 0 0.45454545454545453
0 0.18181818181818182 0.2727272727272727 1 0 0.36363636363636365 0 0 0.2727272727272727 0 0 0.36363636363636365 0.6363636363636364 0 0.5454545454545454 0.45454545454545453 0 0 0 0 0 0 0 0 0 0.36363636363636365
0.5333333333333333 0 0 0 1 0 0.4666666666666667 0 0 0 0 0 0 0 0 0 0 0 0 0 0 0 0.8 0 0 0
0 0.7272727272727273 0.8181818181818182 0.36363636363636365 0 1 0 0 0.36363636363636365 0 0 0.18181818181818182 0.7272727272727273 0 0.45454545454545453 0.36363636363636365 0 0 0 0 0 0 0 0 0 0.45454545454545453
0.6 0 0 0 0.4666666666666667 0 1 0 0 0 0 0 0 0 0 0 0 0 0 0 0 0 0.4666666666666667 0 0 0
0 0 0 0 0 0 0 1 0 0.5 0.5 0 0 0.5625 0 0 0.4375 0 0.4375 0.5 0.5 0.5 0 0.5 0.5625 0
0 0.5454545454545454 0.36363636363636365 0.2727272727272727 0 0.36363636363636365 0 0 1 0 0 0.2727272727272727 0.36363636363636365 0 0.6363636363636364 0.8181818181818182 0 0 0 0 0 0 0 0 0 0.7272727272727273
0 0 0 0 0 0 0 0.5 0 1 0.5 0 0 0.4375 0 0 0.5625 0 0.4375 0.375 0.375 0.875 0 0.375 0.4375 0
0 0 0 0 0 0 0 0.5 0 0.5 1 0 0 0.5625 0 0 0.4375 0 0.375 0.5 0.5 0.625 0 0.5 0.3125 0
0 0.2727272727272727 0.2727272727272727 0.36363636363636365 0 0.18181818181818182 0 0 0.2727272727272727 0 0 1 0.36363636363636365 0 0.2727272727272727 0.2727272727272727 0 0 0 0 0 0 0 0 0 0.18181818181818182
0 0.45454545454545453 0.5454545454545454 0.6363636363636364 0 0.7272727272727273 0 0 0.36363636363636365 0 0 0.36363636363636365 1 0 0.45454545454545453 0.36363636363636365 0 0 0 0 0 0 0 0 0 0.2727272727272727
0 0 0 0 0 0 0 0.5625 0 0.4375 0.5625 0 0 1 0 0 0.375 0 0.375 0.375 0.9375 0.5625 0 0.875 0.5 0
0 0.36363636363636365 0.5454545454545454 0.5454545454545454 0 0.45454545454545453 0 0 0.6363636363636364 0 0 0.2727272727272727 0.45454545454545453 0 1 0.8181818181818182 0 0 0 0 0 0 0 0 0 0.7272727272727273
0 0.5454545454545454 0.36363636363636365 0.45454545454545453 0 0.36363636363636365 0 0 0.8181818181818182 0 0 0.2727272727272727 0.36363636363636365 0 0.8181818181818182 1 0 0 0 0 0 0 0 0 0 0.9090909090909091
0 0 0 0 0 0 0 0.4375 0 0.5625 0.4375 0 0 0.375 0 0 1 0 0.625 0.4375 0.3125 0.5 0 0.3125 0.375 0
0 0 0 0 0 0 0 0 0 0 0 0 0 0 0 0 0 1 0 0 0 0 0 0 0 0
0 0 0 0 0 0 0 0.4375 0 0.4375 0.375 0 0 0.375 0 0 0.625 0 1 0.5625 0.3125 0.4375 0 0.25 0.375 0
0 0 0 0 0 0 0 0.5 0 0.375 0.5 0 0 0.375 0 0 0.4375 0 0.5625 1 0.3125 0.375 0 0.3125 0.25 0
0 0 0 0 0 0 0 0.5 0 0.375 0.5 0 0 0.9375 0 0 0.3125 0 0.3125 0.3125 1 0.5 0 0.9375 0.4375 0
0 0 0 0 0 0 0 0.5 0 0.875 0.625 0 0 0.5625 0 0 0.5 0 0.4375 0.375 0.5 1 0 0.5 0.4375 0
0.7333333333333333 0 0 0 0.8 0 0.4666666666666667 0 0 0 0 0 0 0 0 0 0 0 0 0 0 0 1 0 0 0
0 0 0 0 0 0 0 0.5 0 0.375 0.5 0 0 0.875 0 0 0.3125 0 0.25 0.3125 0.9375 0.5 0 1 0.4375 0
0 0 0 0 0 0 0 0.5625 0 0.4375 0.3125 0 0 0.5 0 0 0.375 0 0.375 0.25 0.4375 0.4375 0 0.4375 1 0
0 0.6363636363636364 0.45454545454545453 0.36363636363636365 0 0.45454545454545453 0 0 0.7272727272727273 0 0 0.18181818181818182 0.2727272727272727 0 0.7272727272727273 0.9090909090909091 0 0 0 0 0 0 0 0 0 1
Generation 3
1101101000000110011010111100100010011000011101011010010000110000111 0.9722999930381775 0.8815519936879476
0000011111100011110101011101110001111101011001101101010010100100110 0.9656000137329102 0.6952320098876953
1101110111000111111100000110101001111101001101100000010011000100011 0.9545999765396118 0.8273199796676636
1100011110000011110101001101110001111101000101111101100010110100011 0.9487000107765198 0.7072127353061328
1100011100000011010101011101110001111101001111100111011100010100011 0.9373000264167786 0.8810620248317718
0001101000000111010011100010010100110001110100100000010010110100011 0.9366999864578247 0.82679385471344
0100101010000011110101011101111001111100011101101101101100001100011 0.9337000250816345 0.692635654969649
1100011100000011110101011101110001111101001101101101100001001100011 0.9297999739646912 0.6694559812545776
0000011011100101111101101000010001101010111000100000010010110100110 0.927299976348877 0.7114919818531383
1101110111000111111100000110111001111101001101100100000001001100001 0.9229999780654907 0.8097786474227905
1100011111100011110101011101110001111101001101101101100001001100011 0.9186999797821045 0.6547825310447001
1001110111000111010110010110110100010011011010101000101000000100011 0.9185000061988831 0.9185000061988831
0001101000000110011010111100100010011000011101010000010010110100011 0.9106000065803528 0.806184539159139
0000101101001111001001001001101110011100011011101010000001010100010 0.9071000218391418 0.8367997701466083
0100101010010110011010111100100010011000011101010001111100010101011 0.8927000164985657 0.7238985588333824
0000101101001111010101011101101110011100011101101010001100000100010 0.8913000226020813 0.7000756541165439
0100000000000001111100000110111100011011000101100100000001001100101 0.8883000016212463 0.6944890921766108
0000011011100101111000011000001001010010010101100110001111110100011 0.8812000155448914 0.6600989207354461
0100000000000001111010000001111000011011000111100010001111000010101 0.8759999871253967 0.810299988090992
1100011011100101111101101000010001101010001100101000100001001100011 0.8689000010490417 0.6540447280623696
0000011011100101111000011000001001000010011011111110101111000100001 0.8550000190734863 0.7887375175952911
0100101100011000011011101010100011110111001100001010001000011111101 0.8540999889373779 0.7267614451321688
1100011111100011111101011101110110000000011000100001100000100100011 0.8519999980926514 0.6320290894941851
1101110111000111011100000110111110001000011000100000000000100100011 0.8478999733924866 0.7393687767982483
0000011011100101111001110101001111110000011010001010000011010001110 0.847599983215332 0.7840299844741822
1100011100010110011010101100100010011001001101010000110001011100011 0.8379999995231628 0.6368799996376038
1 0 0.4 0 0 0.4666666666666667 0 0 0 0.3333333333333333 0 0 0.8 0 0 0 0 0 0 0 0 0 0 0.3333333333333333 0 0
0 1 0 0.6363636363636364 0 0 0.6363636363636364 0.7272727272727273 0.45454545454545453 0 0.9090909090909091 0 0 0 0.2727272727272727 0.45454545454545453 0.5454545454545454 0.6363636363636364 0 0.45454545454545453 0 0.2727272727272727 0.6363636363636364 0 0 0.36363636363636365
0.4 0 1 0 0 0.6 0 0 0 0.9333333333333333 0 0 0.5333333333333333 0 0 0 0 0 0 0 0 0 0 0.8666666666666667 0 0
0 0.6363636363636364 0 1 0 0 0.7272727272727273 0.8181818181818182 0.2727272727272727 0 0.7272727272727273 0 0 0 0.36363636363636365 0.2727272727272727 0.5454545454545454 0.45454545454545453 0 0.36363636363636365 0 0.18181818181818182 0.5454545454545454 0 0 0.45454545454545453
0 0 0 0 1 0 0 0 0 0 0 0 0 0.375 0 0 0 0 0.4375 0 0.375 0 0 0 0.3125 0
0.4666666666666667 0 0.6 0 0 1 0 0 0 0.5333333333333333 0 0 0.6 0 0 0 0 0 0 0 0 0 0 0.7333333333333333 0 0
0 0.6363636363636364 0 0.7272727272727273 0 0 1 0.8181818181818182 0.18181818181818182 0 0.7272727272727273 0 0 0 0.5454545454545454 0.45454545454545453 0.5454545454545454 0.36363636363636365 0 0.36363636363636365 0 0.2727272727272727 0.45454545454545453 0 0 0.36363636363636365
0 0.7272727272727273 0 0.8181818181818182 0 0 0.8181818181818182 1 0.2727272727272727 0 0.8181818181818182 0 0 0 0.36363636363636365 0.36363636363636365 0.5454545454545454 0.45454545454545453 0 0.45454545454545453 0 0.2727272727272727 0.5454545454545454 0 0 0.5454545454545454
0 0.45454545454545453 0 0.2727272727272727 0 0 0.18181818181818182 0.2727272727272727 1 0 0.36363636363636365 0 0 0 0.2727272727272727 0.45454545454545453 0.45454545454545453 0.7272727272727273 0 0.8181818181818182 0 0.36363636363636365 0.6363636363636364 0 0 0.5454545454545454
0.3333333333333333 0 0.9333333333333333 0 0 0.5333333333333333 0 0 0 1 0 0 0.4666666666666667 0 0 0 0 0 0 0 0 0 0 0.8 0 0
0 0.9090909090909091 0 0.7272727272727273 0 0 0.7272727272727273 0.8181818181818182 0.36363636363636365 0 1 0 0 0 0.36363636363636365 0.36363636363636365 0.45454545454545453 0.5454545454545454 0 0.5454545454545454 0 0.18181818181818182 0.7272727272727273 0 0 0.45454545454545453
0 0 0 0 0 0 0 0 0 0 0 1 0 0 0 0 0 0 0 0 0 0 0 0 0 0
0.8 0 0.5333333333333333 0 0 0.6 0 0 0 0.4666666666666667 0 0 1 0 0 0 0 0 0 0 0 0 0 0.4666666666666667 0 0
0 0 0 0 0.375 0 0 0 0 0 0 0 0 1 0 0 0 0 0.5 0 0.5 0 0 0 0.5625 0
0 0.2727272727272727 0 0.36363636363636365 0 0 0.5454545454545454 0.36363636363636365 0.2727272727272727 0 0.36363636363636365 0 0 0 1 0.45454545454545453 0.18181818181818182 0.2727272727272727 0 0.36363636363636365 0 0.2727272727272727 0.36363636363636365 0 0 0.6363636363636364
0 0.45454545454545453 0 0.2727272727272727 0 0 0.45454545454545453 0.36363636363636365 0.45454545454545453 0 0.36363636363636365 0 0 0 0.45454545454545453 1 0.36363636363636365 0.5454545454545454 0 0.45454545454545453 0 0.45454545454545453 0.2727272727272727 0 0 0.45454545454545453
0 0.5454545454545454 0 0.5454545454545454 0 0 0.5454545454545454 0.5454545454545454 0.45454545454545453 0 0.45454545454545453 0 0 0 0.18181818181818182 0.36363636363636365 1 0.5454545454545454 0 0.2727272727272727 0 0.2727272727272727 0.36363636363636365 0 0 0.36363636363636365
0 0.6363636363636364 0 0.45454545454545453 0 0 0.36363636363636365 0.45454545454545453 0.7272727272727273 0 0.5454545454545454 0 0 0 0.2727272727272727 0.5454545454545454 0.5454545454545454 1 0 0.5454545454545454 0 0.2727272727272727 0.45454545454545453 0 0 0.45454545454545453
0 0 0 0 0.4375 0 0 0 0 0 0 0 0 0.5 0 0 0 0 1 0 0.5 0 0 0 0.4375 0
0 0.45454545454545453 0 0.36363636363636365 0 0 0.36363636363636365 0.45454545454545453 0.8181818181818182 0 0.5454545454545454 0 0 0 0.36363636363636365 0.45454545454545453 0.2727272727272727 0.5454545454545454 0 1 0 0.2727272727272727 0.6363636363636364 0 0 0.6363636363636364
0 0 0 0 0.375 0 0 0 0 0 0 0 0 0.5 0 0 0 0 0.5 0 1 0 0 0 0.5625 0
0 0.2727272727272727 0 0.18181818181818182 0 0 0.2727272727272727 0.2727272727272727 0.36363636363636365 0 0.18181818181818182 0 0 0 0.2727272727272727 0.45454545454545453 0.2727272727272727 0.2727272727272727 0 0.2727272727272727 0 1 0.36363636363636365 0 0 0.2727272727272727
0 0.6363636363636364 0 0.5454545454545454 0 0 0.45454545454545453 0.5454545454545454 0.6363636363636364 0 0.7272727272727273 0 0 0 0.36363636363636365 0.2727272727272727 0.36363636363636365 0.45454545454545453 0 0.6363636363636364 0 0.36363636363636365 1 0 0 0.45454545454545453
0.3333333333333333 0 0.8666666666666667 0 0 0.7333333333333333 0 0 0 0.8 0 0 0.4666666666666667 0 0 0 0 0 0 0 0 0 0 1 0 0
0 0 0 0 0.3125 0 0 0 0 0 0 0 0 0.5625 0 0 0 0 0.4375 0 0.5625 0 0 0 1 0
0 0.36363636363636365 0 0.45454545454545453 0 0 0.36363636363636365 0.5454545454545454 0.5454545454545454 0 0.45454545454545453 0 0 0 0.6363636363636364 0.45454545454545453 0.36363636363636365 0.45454545454545453 0 0.6363636363636364 0 0.2727272727272727 0.45454545454545453 0 0 1
Generation 4
1101101000000110011010111100100010011000011101011010010000110000111 0.9722999930381775 0.759690394560496
0000011111100011110101011101110001111101011001101101010010100100110 0.9656000137329102 0.7900363748723811
0000011111100011110101011101110001111101011001101100000001010100110 0.9617999792098999 0.8009170735966076
1101110111000111111100000110101001111101011101101000010010000100011 0.9585000276565552 0.672228019396464
1101110111000111111100000110101001111101001101100000010011000100011 0.9545999765396118 0.651673583984375
0001101100000111010011100010010100110001110101100000010011011100011 0.9545999765396118 0.6745839834213256
0001101010000011110101001101111001111100011101010000010010110100011 0.949400007724762 0.7215440058708191
1100011110000011110101001101110001111101000101111101100010110100011 0.9487000107765198 0.7934581908312711
0001101000000111010011100001111001111100011101100101111100001100011 0.9404000043869019 0.7147040033340454
1001110111000111010110010110110100010011011010101000101001000100011 0.9391000270843506 0.8752412252426147
1100011100000011010101011101110001111101001111100111011100010100011 0.9373000264167786 0.9232405260205269
0001101000000111010011100010010100110001110100100000010010110100011 0.9366999864578247 0.664432523727417
0001110111000111010110010110110100110011011010101100000010110100011 0.9362000226974487 0.8781556212902069
0100101010000011110101011101111001111100011101101101101100001100011 0.9337000250816345 0.7775174754316156
1100011100000011110101011101110001111101001101101101100001001100011 0.9297999739646912 0.7641265240582552
0000011011100101111101101000010001101010111000100000010010110100110 0.927299976348877 0.8396279785849832
1101110111000111111100000110111001111101001101100100000001001100001 0.9229999780654907 0.6424079847335815
1101101000001110011010111100100010011000011101011010010100110100011 0.9203000068664551 0.7190610720316569
1100011111100011110101011101110001111101001101101101100001001100011 0.9186999797821045 0.7449821654233065
1001110111000111010110010110110100010011011010101000101000000100011 0.9185000061988831 0.8542050057649612
1101110111000111011100000110111110001000011000100110001111110100011 0.9139999747276306 0.6629546483357748
0001101000000110011010111100100010011000011101010000010010110100011 0.9106000065803528 0.6702016048431396
0000101101001111001001001001101110011100011011101010000001010100010 0.9071000218391418 0.8934935215115547
1101110111000111011101000110111110001000011000100000000000100100010 0.900600016117096 0.6340224113464356
1101110111000111111100000110111001111101001100100100000001001100001 0.8999999761581421 0.6383999830881755
0100101010010110011010111100100010011000011101010001111100010101011 0.8927000164985657 0.808299287665974
1 0 0 0.4 0.4 0.4666666666666667 0.4 0 0.4 0 0 0.4666666666666667 0 0 0 0 0.3333333333333333 0.8666666666666667 0 0 0.3333333333333333 0.8 0 0.3333333333333333 0.26666666666666666 0
0 1 0.9090909090909091 0 0 0 0 0.6363636363636364 0 0 0 0 0 0.6363636363636364 0.7272727272727273 0.45454545454545453 0 0 0.9090909090909091 0 0 0 0 0 0 0.2727272727272727
0 0.9090909090909091 1 0 0 0 0 0.5454545454545454 0 0 0 0 0 0.5454545454545454 0.6363636363636364 0.5454545454545454 0 0 0.8181818181818182 0 0 0 0 0 0 0.18181818181818182
0.4 0 0 1 0.9333333333333333 0.6 0.6 0 0.4 0 0 0.5333333333333333 0 0 0 0 0.8666666666666667 0.4 0 0 0.6666666666666666 0.5333333333333333 0 0.7333333333333333 0.8 0
0.4 0 0 0.9333333333333333 1 0.6666666666666666 0.6 0 0.4666666666666667 0 0 0.6 0 0 0 0 0.9333333333333333 0.4 0 0 0.7333333333333333 0.5333333333333333 0 0.8 0.8666666666666667 0
0.4666666666666667 0 0 0.6 0.6666666666666666 1 0.6 0 0.7333333333333333 0 0 0.8666666666666667 0 0 0 0 0.6 0.4666666666666667 0 0 0.5333333333333333 0.6 0 0.6666666666666666 0.5333333333333333 0
0.4 0 0 0.6 0.6 0.6 1 0 0.4 0 0 0.5333333333333333 0 0 0 0 0.5333333333333333 0.4 0 0 0.3333333333333333 0.6 0 0.5333333333333333 0.4666666666666667 0
0 0.6363636363636364 0.5454545454545454 0 0 0 0 1 0 0 0 0 0 0.7272727272727273 0.8181818181818182 0.2727272727272727 0 0 0.7272727272727273 0 0 0 0 0 0 0.36363636363636365
0.4 0 0 0.4 0.4666666666666667 0.7333333333333333 0.4 0 1 0 0 0.7333333333333333 0 0 0 0 0.5333333333333333 0.4 0 0 0.5333333333333333 0.4666666666666667 0 0.4666666666666667 0.4666666666666667 0
0 0 0 0 0 0 0 0 0 1 0 0 0.75 0 0 0 0 0 0 0.95 0 0 0 0 0 0
0 0 0 0 0 0 0 0 0 0 1 0 0 0 0 0 0 0 0 0 0 0 0.375 0 0 0
0.4666666666666667 0 0 0.5333333333333333 0.6 0.8666666666666667 0.5333333333333333 0 0.7333333333333333 0 0 1 0 0 0 0 0.5333333333333333 0.4666666666666667 0 0 0.6 0.6 0 0.7333333333333333 0.6 0
0 0 0 0 0 0 0 0 0 0.75 0 0 1 0 0 0 0 0 0 0.8 0 0 0 0 0 0
0 0.6363636363636364 0.5454545454545454 0 0 0 0 0.7272727272727273 0 0 0 0 0 1 0.8181818181818182 0.18181818181818182 0 0 0.7272727272727273 0 0 0 0 0 0 0.5454545454545454
0 0.7272727272727273 0.6363636363636364 0 0 0 0 0.8181818181818182 0 0 0 0 0 0.8181818181818182 1 0.2727272727272727 0 0 0.8181818181818182 0 0 0 0 0 0 0.36363636363636365
0 0.45454545454545453 0.5454545454545454 0 0 0 0 0.2727272727272727 0 0 0 0 0 0.18181818181818182 0.2727272727272727 1 0 0 0.36363636363636365 0 0 0 0 0 0 0.2727272727272727
0.3333333333333333 0 0 0.8666666666666667 0.9333333333333333 0.6 0.5333333333333333 0 0.5333333333333333 0 0 0.5333333333333333 0 0 0 0 1 0.3333333333333333 0 0 0.8 0.4666666666666667 0 0.7333333333333333 0.9333333333333333 0
0.8666666666666667 0 0 0.4 0.4 0.4666666666666667 0.4 0 0.4 0 0 0.4666666666666667 0 0 0 0 0.3333333333333333 1 0 0 0.3333333333333333 0.8 0 0.3333333333333333 0.26666666666666666 0
0 0.9090909090909091 0.8181818181818182 0 0 0 0 0.7272727272727273 0 0 0 0 0 0.7272727272727273 0.8181818181818182 0.36363636363636365 0 0 1 0 0 0 0 0 0 0.36363636363636365
0 0 0 0 0 0 0 0 0 0.95 0 0 0.8 0 0 0 0 0 0 1 0 0 0 0 0 0
0.3333333333333333 0 0 0.6666666666666666 0.7333333333333333 0.5333333333333333 0.3333333333333333 0 0.5333333333333333 0 0 0.6 0 0 0 0 0.8 0.3333333333333333 0 0 1 0.3333333333333333 0 0.8 0.8666666666666667 0
0.8 0 0 0.5333333333333333 0.5333333333333333 0.6 0.6 0 0.4666666666666667 0 0 0.6 0 0 0 0 0.4666666666666667 0.8 0 0 0.3333333333333333 1 0 0.4666666666666667 0.4 0
0 0 0 0 0 0 0 0 0 0 0.375 0 0 0 0 0 0 0 0 0 0 0 1 0 0 0
0.3333333333333333 0 0 0.7333333333333333 0.8 0.6666666666666666 0.5333333333333333 0 0.4666666666666667 0 0 0.7333333333333333 0 0 0 0 0.7333333333333333 0.3333333333333333 0 0 0.8 0.4666666666666667 0 1 0.8 0
0.26666666666666666 0 0 0.8 0.8666666666666667 0.5333333333333333 0.4666666666666667 0 0.4666666666666667 0 0 0.6 0 0 0 0 0.9333333333333333 0.26666666666666666 0 0 0.8666666666666667 0.4 0 0.8 1 0
0 0.2727272727272727 0.18181818181818182 0 0 0 0 0.36363636363636365 0 0 0 0 0 0.5454545454545454 0.36363636363636365 0.2727272727272727 0 0 0.36363636363636365 0 0 0 0 0 0 1
Generation 5
1101101000000110011010111100100010011000011101011010010000110000111 0.9722999930381775 0.7363551947275797
0000011111100011110101011101110001111101011001101101010010100100110 0.9656000137329102 0.7619461926546963
0000011111100011110100111100100010011001011101011010010100110100110 0.9627000093460083 0.794665098623796
0000011111100011110101011101110001111101011001101100000001010100110 0.9617999792098999 0.7589476199583574
1101110111000111111100000110101001111101011101101000010010000100011 0.9585000276565552 0.6696720193227133
0001101100000111010011100010010100110001110101100101111100001100011 0.9549999833106995 0.6850533213615418
1101110111000111111100000110101001111101001101100000010011000100011 0.9545999765396118 0.651673583984375
0001101100000111010011100010010100110001110101100000010011011100011 0.9545999765396118 0.6338543844223021
0001101000000110111010111100100010011000011101010000010010110100011 0.9521999955177307 0.6779663968086242
1100011110000011110101001101110001110101000101111101100010100100011 0.9510999917984009 0.7920069022612138
0001110111000111010110010110110100110011011101100100000001000100011 0.9502000212669373 0.6638730815251669
0001101010000011110101001101111001111100011101010000010010110100011 0.949400007724762 0.6936949389775594
0000001010010110011010110100100010011000011101001100011101010101110 0.9412999749183655 0.838612704927271
0001101000000111010011100001111001111100011101100000010011010100011 0.9405999779701233 0.6145253189404806
0001101000000111010011100001111001111100011101100101111100001100011 0.9404000043869019 0.6645493364334106
1001110111000111010110010110110100010011011010101000101001000100011 0.9391000270843506 0.9109270262718201
1100011100000011010101011101110001111101001111100111011100010100011 0.9373000264167786 0.9373000264167786
0001101000000111010011100010010100110001110100100000010010110100011 0.9366999864578247 0.6419517240524292
0001110111000111110101011101110001111101011001101101000010100100011 0.9366000294685364 0.6893376216888427
0001110111000111010110010110110100110011011010101100000010110100011 0.9362000226974487 0.9081140220165252
0100101010000011110101011101111001111100011101101101101100001100011 0.9337000250816345 0.7809127482500944
0000011111100011110101000110101001111101011101101000010010000100100 0.9322999715805054 0.7458399772644043
1100011100000011110101011101110001111101001101101101100001001100011 0.9297999739646912 0.7607454332438381
0000011011100101111101101000010001101010111000100000010010110100110 0.927299976348877 0.805907979445024
1101101000000111010110010110110100110010011101011010010010110000111 0.9254999756813049 0.6811679821014405
1101110111000111111100000110111001111101001101100100000001001100001 0.9229999780654907 0.6399466514587403
1 0 0 0 0.4 0.3333333333333333 0.4 0.4666666666666667 0.7333333333333333 0 0.4 0.4 0 0.5333333333333333 0.4 0 0 0.4666666666666667 0.4 0 0 0 0 0 0.8 0.3333333333333333
0 1 0.7272727272727273 0.9090909090909091 0 0 0 0 0 0.6363636363636364 0 0 0.36363636363636365 0 0 0 0 0 0 0 0.6363636363636364 0.8181818181818182 0.7272727272727273 0.45454545454545453 0 0
0 0.7272727272727273 1 0.7272727272727273 0 0 0 0 0 0.45454545454545453 0 0 0.2727272727272727 0 0 0 0 0 0 0 0.36363636363636365 0.8181818181818182 0.45454545454545453 0.5454545454545454 0 0
0 0.9090909090909091 0.7272727272727273 1 0 0 0 0 0 0.5454545454545454 0 0 0.45454545454545453 0 0 0 0 0 0 0 0.5454545454545454 0.9090909090909091 0.6363636363636364 0.5454545454545454 0 0
0.4 0 0 0 1 0.4 0.9333333333333333 0.6 0.5333333333333333 0 0.6 0.6 0 0.6 0.4 0 0 0.5333333333333333 0.6666666666666666 0 0 0 0 0 0.4 0.8666666666666667
0.3333333333333333 0 0 0 0.4 1 0.4666666666666667 0.8 0.4 0 0.5333333333333333 0.4 0 0.7333333333333333 0.9333333333333333 0 0 0.6666666666666666 0.4666666666666667 0 0 0 0 0 0.4 0.5333333333333333
0.4 0 0 0 0.9333333333333333 0.4666666666666667 1 0.6666666666666666 0.5333333333333333 0 0.6666666666666666 0.6 0 0.6666666666666666 0.4666666666666667 0 0 0.6 0.6 0 0 0 0 0 0.4 0.9333333333333333
0.4666666666666667 0 0 0 0.6 0.8 0.6666666666666666 1 0.6 0 0.6 0.6 0 0.9333333333333333 0.7333333333333333 0 0 0.8666666666666667 0.4 0 0 0 0 0 0.5333333333333333 0.6
0.7333333333333333 0 0 0 0.5333333333333333 0.4 0.5333333333333333 0.6 1 0 0.5333333333333333 0.6 0 0.6666666666666666 0.4666666666666667 0 0 0.6 0.4666666666666667 0 0 0 0 0 0.6 0.4666666666666667
0 0.6363636363636364 0.45454545454545453 0.5454545454545454 0 0 0 0 0 1 0 0 0.2727272727272727 0 0 0 0 0 0 0 0.7272727272727273 0.45454545454545453 0.8181818181818182 0.2727272727272727 0 0
0.4 0 0 0 0.6 0.5333333333333333 0.6666666666666666 0.6 0.5333333333333333 0 1 0.4666666666666667 0 0.6 0.5333333333333333 0 0 0.5333333333333333 0.7333333333333333 0 0 0 0 0 0.6 0.7333333333333333
0.4 0 0 0 0.6 0.4 0.6 0.6 0.6 0 0.4666666666666667 1 0 0.6 0.4 0 0 0.5333333333333333 0.5333333333333333 0 0 0 0 0 0.4666666666666667 0.5333333333333333
0 0.36363636363636365 0.2727272727272727 0.45454545454545453 0 0 0 0 0 0.2727272727272727 0 0 1 0 0 0 0 0 0 0 0.36363636363636365 0.36363636363636365 0.2727272727272727 0.36363636363636365 0 0
0.5333333333333333 0 0 0 0.6 0.7333333333333333 0.6666666666666666 0.9333333333333333 0.6666666666666666 0 0.6 0.6 0 1 0.8 0 0 0.9333333333333333 0.4 0 0 0 0 0 0.6 0.6
0.4 0 0 0 0.4 0.9333333333333333 0.4666666666666667 0.7333333333333333 0.4666666666666667 0 0.5333333333333333 0.4 0 0.8 1 0 0 0.7333333333333333 0.4666666666666667 0 0 0 0 0 0.4666666666666667 0.5333333333333333
0 0 0 0 0 0 0 0 0 0 0 0 0 0 0 1 0 0 0 0.75 0 0 0 0 0 0
0 0 0 0 0 0 0 0 0 0 0 0 0 0 0 0 1 0 0 0 0 0 0 0 0 0
0.4666666666666667 0 0 0 0.5333333333333333 0.6666666666666666 0.6 0.8666666666666667 0.6 0 0.5333333333333333 0.5333333333333333 0 0.9333333333333333 0.7333333333333333 0 0 1 0.3333333333333333 0 0 0 0 0 0.5333333333333333 0.5333333333333333
0.4 0 0 0 0.6666666666666666 0.4666666666666667 0.6 0.4 0.4666666666666667 0 0.7333333333333333 0.5333333333333333 0 0.4 0.4666666666666667 0 0 0.3333333333333333 1 0 0 0 0 0 0.4666666666666667 0.6666666666666666
0 0 0 0 0 0 0 0 0 0 0 0 0 0 0 0.75 0 0 0 1 0 0 0 0 0 0
0 0.6363636363636364 0.36363636363636365 0.5454545454545454 0 0 0 0 0 0.7272727272727273 0 0 0.36363636363636365 0 0 0 0 0 0 0 1 0.45454545454545453 0.8181818181818182 0.18181818181818182 0 0
0 0.8181818181818182 0.8181818181818182 0.9090909090909091 0 0 0 0 0 0.45454545454545453 0 0 0.36363636363636365 0 0 0 0 0 0 0 0.45454545454545453 1 0.5454545454545454 0.6363636363636364 0 0
0 0.7272727272727273 0.45454545454545453 0.6363636363636364 0 0 0 0 0 0.8181818181818182 0 0 0.2727272727272727 0 0 0 0 0 0 0 0.8181818181818182 0.5454545454545454 1 0.2727272727272727 0 0
0 0.45454545454545453 0.5454545454545454 0.5454545454545454 0 0 0 0 0 0.2727272727272727 0 0 0.36363636363636365 0 0 0 0 0 0 0 0.18181818181818182 0.6363636363636364 0.2727272727272727 1 0 0
0.8 0 0 0 0.4 0.4 0.4 0.5333333333333333 0.6 0 0.6 0.4666666666666667 0 0.6 0.4666666666666667 0 0 0.5333333333333333 0.4666666666666667 0 0 0 0 0 1 0.3333333333333333
0.3333333333333333 0 0 0 0.8666666666666667 0.5333333333333333 0.9333333333333333 0.6 0.4666666666666667 0 0.7333333333333333 0.5333333333333333 0 0.6 0.5333333333333333 0 0 0.5333333333333333 0.6666666666666666 0 0 0 0 0 0.3333333333333333 1
Generation 6
1101101000000110011010111100100010011000011101011010010000110000111 0.9722999930381775 0.6793135951360066
0000011111100011110101011101110001111101011001101101010010100100110 0.9656000137329102 0.8462167393077503
0001101110000111010011110010110100110011011010101100010011000100011 0.963100016117096 0.9399856157302856
0000011111100011110100111100100010011001011101011010010100110100110 0.9627000093460083 0.8646796447580511
0001101010000011110101001100110100111100011101110000010001110100011 0.9627000093460083 0.6392328062057494
1101110111000111111100000110101001111101011101101001100010000100011 0.9621000289916992 0.6516624196370443
0000011111100011110101011101110001111101011001101100000001010100110 0.9617999792098999 0.8393890727650036
0001101100000111010011100010110100110001001101100101111100000100011 0.9599000215530396 0.6348138809204101
0001110111000111010110010110110100110011011101100111011100010100011 0.9595999717712402 0.6167029151916504
1101110111000111111100000110101001111101011101101000010010000100011 0.9585000276565552 0.6006600173314413
1101110111000111111100000110101001111101001101100000010011000100011 0.9545999765396118 0.5803967857360841
0001101100000111010011100010010100110001110101100000010011011100011 0.9545999765396118 0.5651231861114503
0001101000000110111010111100100010011000011101010000010010110100011 0.9521999955177307 0.6068687971433004
1100011110000011110101001101110001110101000101111101100010100100011 0.9510999917984009 0.8646363561803644
0001110111000111010110010110110100110011011101100100000001000100011 0.9502000212669373 0.5853232131004333
0001101010000011110101001101111001111100011101010000010010110100011 0.949400007724762 0.6278698717753093
0001110111000111010110010110010100110001110101100000000010111100011 0.9444000124931335 0.564121607462565
0000001010010110011010110100100010011000011101001100011101010101110 0.9412999749183655 0.8557272499257867
0001101000000111010011100001111001111100011101100000010011010100011 0.9405999779701233 0.5468021205266316
0001101000000111010011100001111001111100011101100101111100001100011 0.9404000043869019 0.6118869361877441
0000001010010110011010110100100010011000110101001100011101010100111 0.9397000074386597 0.8406043702905828
1001110111000111010110010110110100010011011010101000101001000100011 0.9391000270843506 0.9165616264343261
1101101000000110011010111100100010011000011101011010011100010100111 0.9380999803543091 0.6178951870600383
0001110111000111010110110101111001110011011101000100000010000100011 0.9375 0.5950000000000001
1100011100000011010101011101110001111101001111100111011100010100011 0.9373000264167786 0.9373000264167786
0001101000000111010011100010010100110001110100100000010010110100011 0.9366999864578247 0.5820029249191285
1 0 0 0 0.4 0.3333333333333333 0 0.3333333333333333 0.4 0.4 0.4 0.4666666666666667 0.7333333333333333 0 0.4 0.4 0.4666666666666667 0 0.5333333333333333 0.4 0 0 0.9333333333333333 0.4666666666666667 0 0.4666666666666667
0 1 0 0.7272727272727273 0 0 0.9090909090909091 0 0 0 0 0 0 0.6363636363636364 0 0 0 0.36363636363636365 0 0 0.45454545454545453 0 0 0 0 0
0 0 1 0 0 0 0 0 0 0 0 0 0 0 0 0 0 0 0 0 0 0.6 0 0 0 0
0 0.7272727272727273 0 1 0 0 0.7272727272727273 0 0 0 0 0 0 0.45454545454545453 0 0 0 0.2727272727272727 0 0 0.36363636363636365 0 0 0 0 0
0.4 0 0 0 1 0.4666666666666667 0 0.4 0.4 0.6 0.6 0.6 0.5333333333333333 0 0.4666666666666667 0.9333333333333333 0.5333333333333333 0 0.6 0.4 0 0 0.4666666666666667 0.4666666666666667 0 0.5333333333333333
0.3333333333333333 0 0 0 0.4666666666666667 1 0 0.5333333333333333 0.4666666666666667 0.8666666666666667 0.8 0.4666666666666667 0.4 0 0.4666666666666667 0.4666666666666667 0.5333333333333333 0 0.4666666666666667 0.5333333333333333 0 0 0.4 0.4666666666666667 0 0.4
0 0.9090909090909091 0 0.7272727272727273 0 0 1 0 0 0 0 0 0 0.5454545454545454 0 0 0 0.45454545454545453 0 0 0.5454545454545454 0 0 0 0 0
0.3333333333333333 0 0 0 0.4 0.5333333333333333 0 1 0.5333333333333333 0.4 0.4666666666666667 0.8 0.4 0 0.5333333333333333 0.4 0.4666666666666667 0 0.7333333333333333 0.9333333333333333 0 0 0.4 0.4666666666666667 0 0.6666666666666666
0.4 0 0 0 0.4 0.4666666666666667 0 0.5333333333333333 1 0.5333333333333333 0.6 0.5333333333333333 0.4666666666666667 0 0.9333333333333333 0.4 0.8666666666666667 0 0.5333333333333333 0.5333333333333333 0 0 0.4666666666666667 0.8 0 0.4666666666666667
0.4 0 0 0 0.6 0.8666666666666667 0 0.4 0.5333333333333333 1 0.9333333333333333 0.6 0.5333333333333333 0 0.6 0.6 0.6666666666666666 0 0.6 0.4 0 0 0.4666666666666667 0.6 0 0.5333333333333333
0.4 0 0 0 0.6 0.8 0 0.4666666666666667 0.6 0.9333333333333333 1 0.6666666666666666 0.5333333333333333 0 0.6666666666666666 0.6 0.7333333333333333 0 0.6666666666666666 0.4666666666666667 0 0 0.4666666666666667 0.6 0 0.6
0.4666666666666667 0 0 0 0.6 0.4666666666666667 0 0.8 0.5333333333333333 0.6 0.6666666666666666 1 0.6 0 0.6 0.6 0.6666666666666666 0 0.9333333333333333 0.7333333333333333 0 0 0.5333333333333333 0.5333333333333333 0 0.8666666666666667
0.7333333333333333 0 0 0 0.5333333333333333 0.4 0 0.4 0.4666666666666667 0.5333333333333333 0.5333333333333333 0.6 1 0 0.5333333333333333 0.6 0.6 0 0.6666666666666666 0.4666666666666667 0 0 0.8 0.6 0 0.6
0 0.6363636363636364 0 0.45454545454545453 0 0 0.5454545454545454 0 0 0 0 0 0 1 0 0 0 0.2727272727272727 0 0 0.36363636363636365 0 0 0 0 0
0.4 0 0 0 0.4666666666666667 0.4666666666666667 0 0.5333333333333333 0.9333333333333333 0.6 0.6666666666666666 0.6 0.5333333333333333 0 1 0.4666666666666667 0.9333333333333333 0 0.6 0.5333333333333333 0 0 0.4666666666666667 0.8666666666666667 0 0.5333333333333333
0.4 0 0 0 0.9333333333333333 0.4666666666666667 0 0.4 0.4 0.6 0.6 0.6 0.6 0 0.4666666666666667 1 0.5333333333333333 0 0.6 0.4 0 0 0.4666666666666667 0.4666666666666667 0 0.5333333333333333
0.4666666666666667 0 0 0 0.5333333333333333 0.5333333333333333 0 0.4666666666666667 0.8666666666666667 0.6666666666666666 0.7333333333333333 0.6666666666666666 0.6 0 0.9333333333333333 0.5333333333333333 1 0 0.6666666666666666 0.4666666666666667 0 0 0.5333333333333333 0.8 0 0.6
0 0.36363636363636365 0 0.2727272727272727 0 0 0.45454545454545453 0 0 0 0 0 0 0.2727272727272727 0 0 0 1 0 0 0.9090909090909091 0 0 0 0 0
0.5333333333333333 0 0 0 0.6 0.4666666666666667 0 0.7333333333333333 0.5333333333333333 0.6 0.6666666666666666 0.9333333333333333 0.6666666666666666 0 0.6 0.6 0.6666666666666666 0 1 0.8 0 0 0.6 0.5333333333333333 0 0.9333333333333333
0.4 0 0 0 0.4 0.5333333333333333 0 0.9333333333333333 0.5333333333333333 0.4 0.4666666666666667 0.7333333333333333 0.4666666666666667 0 0.5333333333333333 0.4 0.4666666666666667 0 0.8 1 0 0 0.4666666666666667 0.4666666666666667 0 0.7333333333333333
0 0.45454545454545453 0 0.36363636363636365 0 0 0.5454545454545454 0 0 0 0 0 0 0.36363636363636365 0 0 0 0.9090909090909091 0 0 1 0 0 0 0 0
0 0 0.6 0 0 0 0 0 0 0 0 0 0 0 0 0 0 0 0 0 0 1 0 0 0 0
0.9333333333333333 0 0 0 0.4666666666666667 0.4 0 0.4 0.4666666666666667 0.4666666666666667 0.4666666666666667 0.5333333333333333 0.8 0 0.4666666666666667 0.4666666666666667 0.5333333333333333 0 0.6 0.4666666666666667 0 0 1 0.5333333333333333 0 0.5333333333333333
0.4666666666666667 0 0 0 0.4666666666666667 0.4666666666666667 0 0.4666666666666667 0.8 0.6 0.6 0.5333333333333333 0.6 0 0.8666666666666667 0.4666666666666667 0.8 0 0.5333333333333333 0.4666666666666667 0 0 0.5333333333333333 1 0 0.4666666666666667
0 0 0 0 0 0 0 0 0 0 0 0 0 0 0 0 0 0 0 0 0 0 0 0 1 0
0.4666666666666667 0 0 0 0.5333333333333333 0.4 0 0.6666666666666666 0.4666666666666667 0.5333333333333333 0.6 0.8666666666666667 0.6 0 0.5333333333333333 0.5333333333333333 0.6 0 0.9333333333333333 0.7333333333333333 0 0 0.5333333333333333 0.4666666666666667 0 1
Generation 7
1101101000000110011010111100100010011000011101011010010000110000111 0.9722999930381775 0.6689423952102661
1101110111000111111100000110101001111101011101101001000010100100011 0.9682999849319458 0.5370837249755859
0000011111100011110101011101110001111101011001101101010010100100110 0.9656000137329102 0.8637731031938033
0001101100000111010011100010110100110011011010101100010011000100011 0.9645000100135803 0.9297780096530914
0001101010000011110101000110101001111101011101110000010011110100011 0.9639999866485596 0.5886826585133871
0001101110000111010011110010110100110011011010101100010011000100011 0.963100016117096 0.9284284155368805
0000011111100011110100111100100010011001011101011010010100110100110 0.9627000093460083 0.8786825539849021
1101110111000111111100000110101001111101011101101001100010000100011 0.9621000289916992 0.5721288172403971
0000011111100011110101011101110001111101011001101100000001010100110 0.9617999792098999 0.8603737995841286
0001101100000111010011100010110100110001001101100101111100000100011 0.9599000215530396 0.6015373468399048
0001110111000111010110010110110100110011011101100111011100010100011 0.9595999717712402 0.562965316772461
0001101100000111010001100100100100110001110101100000010011011100011 0.9591000080108643 0.5294232044219971
1101110111000111111100000110101001111101011101101000010010000100011 0.9585000276565552 0.5086440146764118
1101110111000111111100001100110100111100011101110000010001000100011 0.9573000073432922 0.5131128039360047
0001101110000111010011110010110100110001001101100100011100000100011 0.9570000171661377 0.5563360099792479
1101110111000111111100000110101001111101001101100000010011000100011 0.9545999765396118 0.49384638786315926
0001101100000111010011100010010100110001110101100000010011011100011 0.9545999765396118 0.5193023872375488
0001101000000110111010111100100010011000011101010000010010110100011 0.9521999955177307 0.5789375972747803
1100011110000011110101001101110001110101000101111101100010100100011 0.9510999917984009 0.8784705378792502
0001110111000111010110010110110100110011011101100100000001000100011 0.9502000212669373 0.5270442784627278
0001101010000011110101001101111001111100011101010000010010110100011 0.949400007724762 0.579766938050588
0001110111000111010110010110010100110001110101100000000010111100011 0.9444000124931335 0.5061984066963195
1101110111000111111100000010101001111101001101101101010011100100010 0.9440000057220459 0.5412266699473064
0001110111000111010110111101111001110010011101001100010011000100011 0.9430000185966492 0.54316801071167
0000001010010110011010110100100010011000011101001100011101010101110 0.9412999749183655 0.8899563399228183
0001101000000111010011100001111001111100011101100000010011010100011 0.9405999779701233 0.5116863880157471
1 0.4 0 0 0.4 0 0 0.3333333333333333 0 0.3333333333333333 0.4 0.4666666666666667 0.4 0.4 0.4666666666666667 0.4 0.4666666666666667 0.7333333333333333 0 0.4 0.4 0.4666666666666667 0.3333333333333333 0.4666666666666667 0 0.5333333333333333
0.4 1 0 0 0.5333333333333333 0 0 0.9333333333333333 0 0.4666666666666667 0.5333333333333333 0.5333333333333333 0.9333333333333333 0.8666666666666667 0.4 0.8666666666666667 0.5333333333333333 0.4666666666666667 0 0.5333333333333333 0.5333333333333333 0.6 0.9333333333333333 0.5333333333333333 0 0.5333333333333333
0 0 1 0 0 0 0.7272727272727273 0 0.9090909090909091 0 0 0 0 0 0 0 0 0 0.6363636363636364 0 0 0 0 0 0.36363636363636365 0
0 0 0 1 0 0.9 0 0 0 0 0 0 0 0 0 0 0 0 0 0 0 0 0 0 0 0
0.4 0.5333333333333333 0 0 1 0 0 0.4666666666666667 0 0.4 0.4 0.6 0.6 0.6666666666666666 0.4666666666666667 0.6 0.6 0.5333333333333333 0 0.4666666666666667 0.9333333333333333 0.5333333333333333 0.4666666666666667 0.4666666666666667 0 0.6
0 0 0 0.9 0 1 0 0 0 0 0 0 0 0 0 0 0 0 0 0 0 0 0 0 0 0
0 0 0.7272727272727273 0 0 0 1 0 0.7272727272727273 0 0 0 0 0 0 0 0 0 0.45454545454545453 0 0 0 0 0 0.2727272727272727 0
0.3333333333333333 0.9333333333333333 0 0 0.4666666666666667 0 0 1 0 0.5333333333333333 0.4666666666666667 0.4666666666666667 0.8666666666666667 0.8 0.3333333333333333 0.8 0.4666666666666667 0.4 0 0.4666666666666667 0.4666666666666667 0.5333333333333333 0.8666666666666667 0.4666666666666667 0 0.4666666666666667
0 0 0.9090909090909091 0 0 0 0.7272727272727273 0 1 0 0 0 0 0 0 0 0 0 0.5454545454545454 0 0 0 0 0 0.45454545454545453 0
0.3333333333333333 0.4666666666666667 0 0 0.4 0 0 0.5333333333333333 0 1 0.5333333333333333 0.7333333333333333 0.4 0.4 0.7333333333333333 0.4666666666666667 0.8 0.4 0 0.5333333333333333 0.4 0.4666666666666667 0.5333333333333333 0.4666666666666667 0 0.7333333333333333
0.4 0.5333333333333333 0 0 0.4 0 0 0.4666666666666667 0 0.5333333333333333 1 0.5333333333333333 0.5333333333333333 0.5333333333333333 0.6666666666666666 0.6 0.5333333333333333 0.4666666666666667 0 0.9333333333333333 0.4 0.8666666666666667 0.6 0.8 0 0.5333333333333333
0.4666666666666667 0.5333333333333333 0 0 0.6 0 0 0.4666666666666667 0 0.7333333333333333 0.5333333333333333 1 0.6 0.6 0.7333333333333333 0.6666666666666666 0.9333333333333333 0.6 0 0.6 0.6 0.6666666666666666 0.4666666666666667 0.5333333333333333 0 0.8666666666666667
0.4 0.9333333333333333 0 0 0.6 0 0 0.8666666666666667 0 0.4 0.5333333333333333 0.6 1 0.9333333333333333 0.4666666666666667 0.9333333333333333 0.6 0.5333333333333333 0 0.6 0.6 0.6666666666666666 0.8666666666666667 0.6 0 0.6
0.4 0.8666666666666667 0 0 0.6666666666666666 0 0 0.8 0 0.4 0.5333333333333333 0.6 0.9333333333333333 1 0.4666666666666667 0.9333333333333333 0.6 0.5333333333333333 0 0.6 0.6 0.6666666666666666 0.8 0.6 0 0.6
0.4666666666666667 0.4 0 0 0.4666666666666667 0 0 0.3333333333333333 0 0.7333333333333333 0.6666666666666666 0.7333333333333333 0.4666666666666667 0.4666666666666667 1 0.5333333333333333 0.8 0.6 0 0.7333333333333333 0.4666666666666667 0.6666666666666666 0.4666666666666667 0.6666666666666666 0 0.8
0.4 0.8666666666666667 0 0 0.6 0 0 0.8 0 0.4666666666666667 0.6 0.6666666666666666 0.9333333333333333 0.9333333333333333 0.5333333333333333 1 0.6666666666666666 0.5333333333333333 0 0.6666666666666666 0.6 0.7333333333333333 0.8 0.6 0 0.6666666666666666
0.4666666666666667 0.5333333333333333 0 0 0.6 0 0 0.4666666666666667 0 0.8 0.5333333333333333 0.9333333333333333 0.6 0.6 0.8 0.6666666666666666 1 0.6 0 0.6 0.6 0.6666666666666666 0.4666666666666667 0.5333333333333333 0 0.9333333333333333
0.7333333333333333 0.4666666666666667 0 0 0.5333333333333333 0 0 0.4 0 0.4 0.4666666666666667 0.6 0.5333333333333333 0.5333333333333333 0.6 0.5333333333333333 0.6 1 0 0.5333333333333333 0.6 0.6 0.4 0.6 0 0.6666666666666666
0 0 0.6363636363636364 0 0 0 0.45454545454545453 0 0.5454545454545454 0 0 0 0 0 0 0 0 0 1 0 0 0 0 0 0.2727272727272727 0
0.4 0.5333333333333333 0 0 0.4666666666666667 0 0 0.4666666666666667 0 0.5333333333333333 0.9333333333333333 0.6 0.6 0.6 0.7333333333333333 0.6666666666666666 0.6 0.5333333333333333 0 1 0.4666666666666667 0.9333333333333333 0.6 0.8666666666666667 0 0.6
0.4 0.5333333333333333 0 0 0.9333333333333333 0 0 0.4666666666666667 0 0.4 0.4 0.6 0.6 0.6 0.4666666666666667 0.6 0.6 0.6 0 0.4666666666666667 1 0.5333333333333333 0.4666666666666667 0.4666666666666667 0 0.6
0.4666666666666667 0.6 0 0 0.5333333333333333 0 0 0.5333333333333333 0 0.4666666666666667 0.8666666666666667 0.6666666666666666 0.6666666666666666 0.6666666666666666 0.6666666666666666 0.7333333333333333 0.6666666666666666 0.6 0 0.9333333333333333 0.5333333333333333 1 0.5333333333333333 0.8 0 0.6666666666666666
0.3333333333333333 0.9333333333333333 0 0 0.4666666666666667 0 0 0.8666666666666667 0 0.5333333333333333 0.6 0.4666666666666667 0.8666666666666667 0.8 0.4666666666666667 0.8 0.4666666666666667 0.4 0 0.6 0.4666666666666667 0.5333333333333333 1 0.6 0 0.4666666666666667
0.4666666666666667 0.5333333333333333 0 0 0.4666666666666667 0 0 0.4666666666666667 0 0.4666666666666667 0.8 0.5333333333333333 0.6 0.6 0.6666666666666666 0.6 0.5333333333333333 0.6 0 0.8666666666666667 0.4666666666666667 0.8 0.6 1 0 0.5333333333333333
0 0 0.36363636363636365 0 0 0 0.2727272727272727 0 0.45454545454545453 0 0 0 0 0 0 0 0 0 0.2727272727272727 0 0 0 0 0 1 0
0.5333333333333333 0.5333333333333333 0 0 0.6 0 0 0.4666666666666667 0 0.7333333333333333 0.5333333333333333 0.8666666666666667 0.6 0.6 0.8 0.6666666666666666 0.9333333333333333 0.6666666666666666 0 0.6 0.6 0.6666666666666666 0.4666666666666667 0.5333333333333333 0 1
Generation 8
1101101000000110011010111100100010011000011101011010010000110000111 0.9722999930381775 0.7000559949874877
1101110111000111111100000110101001111101011101101001000010100100011 0.9682999849319458 0.5577407913208008
0000011111100011110101011101110001111101011001101101010010100100110 0.9656000137329102 0.8427054665305398
0001101100000111010011100010110100110011011010101100010011000100011 0.9645000100135803 0.8969850093126296
0000011111100011110101011101111001111100011101011101010010100100110 0.9645000100135803 0.8417454632845792
0001101010000011110101000110101001111101011101110000010011110100011 0.9639999866485596 0.5989653250376383
0001101110000111010011110010110100110011011010101100010011010100011 0.9638000130653381 0.8944064121246338
0001101110000111010011110010110100110011011010101100010011000100011 0.963100016117096 0.8918306149244308
0000011111100011110100111100100010011001011101011010010100110100110 0.9627000093460083 0.8576781901446255
1101110111000111111100000110101001111101011101101001100010000100011 0.9621000289916992 0.5798256174723307
0001101100000111010011100010010100110001110101100000010011001100011 0.9620000123977661 0.5592426738739015
0000011111100011110101011101110001111101011001101100000001010100110 0.9617999792098999 0.846383981704712
1101110111000111111100000010101001110110000101111101100011100100011 0.9613000154495239 0.6101050764719644
0001101100000111010011100010110100110001001101100101111100000100011 0.9599000215530396 0.6245749473571777
0001110111000111010110010110110100110011011101100111011100010100011 0.9595999717712402 0.6294975814819336
0001101100000111010001100100100100110001110101100000010011011100011 0.9591000080108643 0.5652296047210695
0001101010000011110101001111110001111101011001100000010010110100011 0.9589999914169312 0.5830719947814942
1101110111000111111100000110101001111101011101101000010010000100011 0.9585000276565552 0.5316480153401693
1101110111000111111100001100110100111100011101110000010001000100011 0.9573000073432922 0.5386408041318258
0001101110000111010011110010110100110011011000101100010011011100011 0.957099974155426 0.6457234492301941
0001101110000111010011110010110100110001001101100100011100000100011 0.9570000171661377 0.5997200107574463
1101110111000111111100000110101001111101001101100000010011000100011 0.9545999765396118 0.5243935871124267
0001101010000011110101001101111001111100111101001000000001010100110 0.954200029373169 0.5954208183288574
1101110111000111111100000010101011111101011001101000100010000100011 0.9527999758720398 0.5538943859736124
0001101000000110111010111100100010011000011101010000010010110100011 0.9521999955177307 0.6170255970954895
1100011110000011110101001101110001110101000101111101100010100100011 0.9510999917984009 0.8646363561803644
1 0.4 0 0 0 0.4 0 0 0 0.3333333333333333 0.4666666666666667 0 0.26666666666666666 0.3333333333333333 0.4 0.4666666666666667 0.4 0.4 0.4 0.4 0.4666666666666667 0.4 0.4 0.3333333333333333 0.7333333333333333 0
0.4 1 0 0 0 0.5333333333333333 0 0 0 0.9333333333333333 0.5333333333333333 0 0.8 0.4666666666666667 0.5333333333333333 0.5333333333333333 0.5333333333333333 0.9333333333333333 0.8666666666666667 0.4 0.4 0.8666666666666667 0.5333333333333333 0.8666666666666667 0.4666666666666667 0
0 0 1 0 0.9090909090909091 0 0 0 0.7272727272727273 0 0 0.9090909090909091 0 0 0 0 0 0 0 0 0 0 0 0 0 0.6363636363636364
0 0 0 1 0 0 0.85 0.9 0 0 0 0 0 0 0 0 0 0 0 0 0 0 0 0 0 0
0 0 0.9090909090909091 0 1 0 0 0 0.8181818181818182 0 0 0.8181818181818182 0 0 0 0 0 0 0 0 0 0 0 0 0 0.6363636363636364
0.4 0.5333333333333333 0 0 0 1 0 0 0 0.4666666666666667 0.6 0 0.4 0.4 0.4 0.6 0.9333333333333333 0.6 0.6666666666666666 0.4 0.4666666666666667 0.6 0.9333333333333333 0.5333333333333333 0.5333333333333333 0
0 0 0 0.85 0 0 1 0.95 0 0 0 0 0 0 0 0 0 0 0 0 0 0 0 0 0 0
0 0 0 0.9 0 0 0.95 1 0 0 0 0 0 0 0 0 0 0 0 0 0 0 0 0 0 0
0 0 0.7272727272727273 0 0.8181818181818182 0 0 0 1 0 0 0.7272727272727273 0 0 0 0 0 0 0 0 0 0 0 0 0 0.45454545454545453
0.3333333333333333 0.9333333333333333 0 0 0 0.4666666666666667 0 0 0 1 0.4666666666666667 0 0.8666666666666667 0.5333333333333333 0.4666666666666667 0.4666666666666667 0.4666666666666667 0.8666666666666667 0.8 0.3333333333333333 0.3333333333333333 0.8 0.4666666666666667 0.9333333333333333 0.4 0
0.4666666666666667 0.5333333333333333 0 0 0 0.6 0 0 0 0.4666666666666667 1 0 0.4 0.8 0.5333333333333333 0.9333333333333333 0.6666666666666666 0.6 0.6 0.6666666666666666 0.8 0.6666666666666666 0.6 0.5333333333333333 0.6 0
0 0 0.9090909090909091 0 0.8181818181818182 0 0 0 0.7272727272727273 0 0 1 0 0 0 0 0 0 0 0 0 0 0 0 0 0.5454545454545454
0.26666666666666666 0.8 0 0 0 0.4 0 0 0 0.8666666666666667 0.4 0 1 0.6 0.5333333333333333 0.4 0.4 0.7333333333333333 0.7333333333333333 0.3333333333333333 0.4 0.7333333333333333 0.4 0.8 0.3333333333333333 0
0.3333333333333333 0.4666666666666667 0 0 0 0.4 0 0 0 0.5333333333333333 0.8 0 0.6 1 0.5333333333333333 0.7333333333333333 0.4666666666666667 0.4 0.4 0.6 0.7333333333333333 0.4666666666666667 0.4 0.4666666666666667 0.4 0
0.4 0.5333333333333333 0 0 0 0.4 0 0 0 0.4666666666666667 0.5333333333333333 0 0.5333333333333333 0.5333333333333333 1 0.5333333333333333 0.4666666666666667 0.5333333333333333 0.5333333333333333 0.5333333333333333 0.6666666666666666 0.6 0.4 0.4666666666666667 0.4666666666666667 0
0.4666666666666667 0.5333333333333333 0 0 0 0.6 0 0 0 0.4666666666666667 0.9333333333333333 0 0.4 0.7333333333333333 0.5333333333333333 1 0.6666666666666666 0.6 0.6 0.6 0.7333333333333333 0.6666666666666666 0.6 0.5333333333333333 0.6 0
0.4 0.5333333333333333 0 0 0 0.9333333333333333 0 0 0 0.4666666666666667 0.6666666666666666 0 0.4 0.4666666666666667 0.4666666666666667 0.6666666666666666 1 0.6 0.6 0.4 0.5333333333333333 0.6666666666666666 0.9333333333333333 0.5333333333333333 0.5333333333333333 0
0.4 0.9333333333333333 0 0 0 0.6 0 0 0 0.8666666666666667 0.6 0 0.7333333333333333 0.4 0.5333333333333333 0.6 0.6 1 0.9333333333333333 0.4666666666666667 0.4666666666666667 0.9333333333333333 0.6 0.9333333333333333 0.5333333333333333 0
0.4 0.8666666666666667 0 0 0 0.6666666666666666 0 0 0 0.8 0.6 0 0.7333333333333333 0.4 0.5333333333333333 0.6 0.6 0.9333333333333333 1 0.4 0.4666666666666667 0.9333333333333333 0.6 0.8666666666666667 0.5333333333333333 0
0.4 0.4 0 0 0 0.4 0 0 0 0.3333333333333333 0.6666666666666666 0 0.3333333333333333 0.6 0.5333333333333333 0.6 0.4 0.4666666666666667 0.4 1 0.8666666666666667 0.4 0.4 0.4 0.5333333333333333 0
0.4666666666666667 0.4 0 0 0 0.4666666666666667 0 0 0 0.3333333333333333 0.8 0 0.4 0.7333333333333333 0.6666666666666666 0.7333333333333333 0.5333333333333333 0.4666666666666667 0.4666666666666667 0.8666666666666667 1 0.5333333333333333 0.4666666666666667 0.4 0.6 0
0.4 0.8666666666666667 0 0 0 0.6 0 0 0 0.8 0.6666666666666666 0 0.7333333333333333 0.4666666666666667 0.6 0.6666666666666666 0.6666666666666666 0.9333333333333333 0.9333333333333333 0.4 0.5333333333333333 1 0.6 0.8666666666666667 0.5333333333333333 0
0.4 0.5333333333333333 0 0 0 0.9333333333333333 0 0 0 0.4666666666666667 0.6 0 0.4 0.4 0.4 0.6 0.9333333333333333 0.6 0.6 0.4 0.4666666666666667 0.6 1 0.5333333333333333 0.5333333333333333 0
0.3333333333333333 0.8666666666666667 0 0 0 0.5333333333333333 0 0 0 0.9333333333333333 0.5333333333333333 0 0.8 0.4666666666666667 0.4666666666666667 0.5333333333333333 0.5333333333333333 0.9333333333333333 0.8666666666666667 0.4 0.4 0.8666666666666667 0.5333333333333333 1 0.4666666666666667 0
0.7333333333333333 0.4666666666666667 0 0 0 0.5333333333333333 0 0 0 0.4 0.6 0 0.3333333333333333 0.4 0.4666666666666667 0.6 0.5333333333333333 0.5333333333333333 0.5333333333333333 0.5333333333333333 0.6 0.5333333333333333 0.5333333333333333 0.4666666666666667 1 0
0 0 0.6363636363636364 0 0.6363636363636364 0 0 0 0.45454545454545453 0 0 0.5454545454545454 0 0 0 0 0 0 0 0 0 0 0 0 0 1
Generation 9
1101101000000110011010111100100010011000011101011010010000110000111 0.9722999930381775 0.7130199948946634
0001101110000111010011110010110100100001011001101100010010111100011 0.9696000218391418 0.5895168132781983
1101110111000111111100000110101001111101011101101001000010100100011 0.9682999849319458 0.5680693244934082
0001111110000111010110010110110100110011011101100111011110010100011 0.9675999879837036 0.6347455921173096
0000011111100011110101011101110001111101011001101101010010100100110 0.9656000137329102 0.8672843759710138
0001101100000111010011100010110100110011011010101100010011000100011 0.9645000100135803 0.8622630089521408
0000011111100011110101011101111001111100011101011101010010100100110 0.9645000100135803 0.8662963726303794
1101110111000111011100000110101001111101000101111101100011100100011 0.9641000032424927 0.6015984020233154
0001101010000011110101000110101001111101011101110000010011110100011 0.9639999866485596 0.6298133246103922
0001101110000111010011110010110100110011011010101100010011010100011 0.9638000130653381 0.8616372116804123
0001101110000111010011110010110100110011011010101100010011000100011 0.963100016117096 0.8610114144086838
0001101100000111010001100100110100110011111010101100010011010100011 0.963100016117096 0.8648638144731522
0000011111100011110100111100100010011001011101011010010100110100110 0.9627000093460083 0.8751818266781893
0001101100000111010011100010110100110001001101100101111111000100011 0.9623000025749207 0.6030413349469503
1101110111000111111100000110101001111101011101101001100010000100011 0.9621000289916992 0.5900880177815755
0001101100000111010011100010010100110001110101100000010011001100011 0.9620000123977661 0.5592426738739013
0000011111100011110101011101110001111101011001101100000001010100110 0.9617999792098999 0.8673687085238371
1101110111000111111100000010101001110110000101111101100011100100011 0.9613000154495239 0.6024146763483683
0001110111000111010110010110110100110011011101100111011100010100011 0.9595999717712402 0.6013493156433106
0001101100000111010001100100100100110001110101100000010011011100011 0.9591000080108643 0.5677872047424317
0001101010000011110101001111110001111101011001100000010010110100011 0.9589999914169312 0.6112026611963908
1101110111000111111100000110101001111101011101101000010010000100011 0.9585000276565552 0.549540015856425
1101110111000111111100001100110100111100011101110000010001000100011 0.9573000073432922 0.5565104042689006
0001101110000111010011110010110100110011011000101100010011011100011 0.957099974155426 0.6227530498504639
0001101110000111010011110010110100110001001101100100011100000100011 0.9570000171661377 0.5742000102996826
1101110111000111111100000110101001111101001101100000010011000100011 0.9545999765396118 0.5396671867370605
1 0.4666666666666667 0.4 0.4 0 0 0 0.26666666666666666 0.4 0 0 0 0 0.3333333333333333 0.3333333333333333 0.4666666666666667 0 0.26666666666666666 0.4 0.4666666666666667 0.4 0.4 0.4 0.4 0.4666666666666667 0.4
0.4666666666666667 1 0.4666666666666667 0.6666666666666666 0 0 0 0.4666666666666667 0.4666666666666667 0 0 0 0 0.6666666666666666 0.4 0.7333333333333333 0 0.4 0.6 0.6666666666666666 0.4666666666666667 0.5333333333333333 0.4666666666666667 0.9333333333333333 0.9333333333333333 0.4666666666666667
0.4 0.4666666666666667 1 0.4 0 0 0 0.7333333333333333 0.5333333333333333 0 0 0 0 0.4666666666666667 0.9333333333333333 0.5333333333333333 0 0.8 0.5333333333333333 0.5333333333333333 0.5333333333333333 0.9333333333333333 0.8666666666666667 0.4 0.4 0.8666666666666667
0.4 0.6666666666666666 0.4 1 0 0 0 0.4666666666666667 0.4 0 0 0 0 0.5333333333333333 0.3333333333333333 0.5333333333333333 0 0.4 0.8666666666666667 0.5333333333333333 0.4666666666666667 0.4 0.4 0.6 0.7333333333333333 0.4666666666666667
0 0 0 0 1 0 0.9090909090909091 0 0 0 0 0 0.7272727272727273 0 0 0 0.9090909090909091 0 0 0 0 0 0 0 0 0
0 0 0 0 0 1 0 0 0 0.85 0.9 0.9 0 0 0 0 0 0 0 0 0 0 0 0 0 0
0 0 0 0 0.9090909090909091 0 1 0 0 0 0 0 0.8181818181818182 0 0 0 0.8181818181818182 0 0 0 0 0 0 0 0 0
0.26666666666666666 0.4666666666666667 0.7333333333333333 0.4666666666666667 0 0 0 1 0.3333333333333333 0 0 0 0 0.6666666666666666 0.8 0.4666666666666667 0 0.9333333333333333 0.6 0.4666666666666667 0.3333333333333333 0.6666666666666666 0.6666666666666666 0.4 0.4666666666666667 0.6666666666666666
0.4 0.4666666666666667 0.5333333333333333 0.4 0 0 0 0.3333333333333333 1 0 0 0 0 0.4 0.4666666666666667 0.6 0 0.4 0.4 0.6 0.9333333333333333 0.6 0.6666666666666666 0.4 0.4666666666666667 0.6
0 0 0 0 0 0.85 0 0 0 1 0.95 0.85 0 0 0 0 0 0 0 0 0 0 0 0 0 0
0 0 0 0 0 0.9 0 0 0 0.95 1 0.8 0 0 0 0 0 0 0 0 0 0 0 0 0 0
0 0 0 0 0 0.9 0 0 0 0.85 0.8 1 0 0 0 0 0 0 0 0 0 0 0 0 0 0
0 0 0 0 0.7272727272727273 0 0.8181818181818182 0 0 0 0 0 1 0 0 0 0.7272727272727273 0 0 0 0 0 0 0 0 0
0.3333333333333333 0.6666666666666666 0.4666666666666667 0.5333333333333333 0 0 0 0.6666666666666666 0.4 0 0 0 0 1 0.5333333333333333 0.8 0 0.6 0.5333333333333333 0.7333333333333333 0.4666666666666667 0.4 0.4 0.6 0.7333333333333333 0.4666666666666667
0.3333333333333333 0.4 0.9333333333333333 0.3333333333333333 0 0 0 0.8 0.4666666666666667 0 0 0 0 0.5333333333333333 1 0.4666666666666667 0 0.8666666666666667 0.4666666666666667 0.4666666666666667 0.4666666666666667 0.8666666666666667 0.8 0.3333333333333333 0.3333333333333333 0.8
0.4666666666666667 0.7333333333333333 0.5333333333333333 0.5333333333333333 0 0 0 0.4666666666666667 0.6 0 0 0 0 0.8 0.4666666666666667 1 0 0.4 0.5333333333333333 0.9333333333333333 0.6666666666666666 0.6 0.6 0.6666666666666666 0.8 0.6666666666666666
0 0 0 0 0.9090909090909091 0 0.8181818181818182 0 0 0 0 0 0.7272727272727273 0 0 0 1 0 0 0 0 0 0 0 0 0
0.26666666666666666 0.4 0.8 0.4 0 0 0 0.9333333333333333 0.4 0 0 0 0 0.6 0.8666666666666667 0.4 0 1 0.5333333333333333 0.4 0.4 0.7333333333333333 0.7333333333333333 0.3333333333333333 0.4 0.7333333333333333
0.4 0.6 0.5333333333333333 0.8666666666666667 0 0 0 0.6 0.4 0 0 0 0 0.5333333333333333 0.4666666666666667 0.5333333333333333 0 0.5333333333333333 1 0.5333333333333333 0.4666666666666667 0.5333333333333333 0.5333333333333333 0.5333333333333333 0.6666666666666666 0.6
0.4666666666666667 0.6666666666666666 0.5333333333333333 0.5333333333333333 0 0 0 0.4666666666666667 0.6 0 0 0 0 0.7333333333333333 0.4666666666666667 0.9333333333333333 0 0.4 0.5333333333333333 1 0.6666666666666666 0.6 0.6 0.6 0.7333333333333333 0.6666666666666666
0.4 0.4666666666666667 0.5333333333333333 0.4666666666666667 0 0 0 0.3333333333333333 0.9333333333333333 0 0 0 0 0.4666666666666667 0.4666666666666667 0.6666666666666666 0 0.4 0.4666666666666667 0.6666666666666666 1 0.6 0.6 0.4 0.5333333333333333 0.6666666666666666
0.4 0.5333333333333333 0.9333333333333333 0.4 0 0 0 0.6666666666666666 0.6 0 0 0 0 0.4 0.8666666666666667 0.6 0 0.7333333333333333 0.5333333333333333 0.6 0.6 1 0.9333333333333333 0.4666666666666667 0.4666666666666667 0.9333333333333333
0.4 0.4666666666666667 0.8666666666666667 0.4 0 0 0 0.6666666666666666 0.6666666666666666 0 0 0 0 0.4 0.8 0.6 0 0.7333333333333333 0.5333333333333333 0.6 0.6 0.9333333333333333 1 0.4 0.4666666666666667 0.9333333333333333
0.4 0.9333333333333333 0.4 0.6 0 0 0 0.4 0.4 0 0 0 0 0.6 0.3333333333333333 0.6666666666666666 0 0.3333333333333333 0.5333333333333333 0.6 0.4 0.4666666666666667 0.4 1 0.8666666666666667 0.4
0.4666666666666667 0.9333333333333333 0.4 0.7333333333333333 0 0 0 0.4666666666666667 0.4666666666666667 0 0 0 0 0.7333333333333333 0.3333333333333333 0.8 0 0.4 0.6666666666666666 0.7333333333333333 0.5333333333333333 0.4666666666666667 0.4666666666666667 0.8666666666666667 1 0.5333333333333333
0.4 0.4666666666666667 0.8666666666666667 0.4666666666666667 0 0 0 0.6666666666666666 0.6 0 0 0 0 0.4666666666666667 0.8 0.6666666666666666 0 0.7333333333333333 0.6 0.6666666666666666 0.6666666666666666 0.9333333333333333 0.9333333333333333 0.4 0.5333333333333333 1
15-1-32-3-2-linear-1-feed-forward-8-relu-0.0-3-5e-05-0 2
25-2-64-32-2-8-1-6-linear-linear-1-feed-forward-32-relu-0.0-0-5e-05-4 2
25-1-256-3-8-linear-2-recurrent-recurrent-8-16-relu-relu-0.0-0.0-0-3-0.05-6 2
15-2-128-256-9-8-3-5-linear-relu-2-feed-forward-recurrent-128-1024-relu-linear-0.0-0.0-2-0-5e-05-2 2
50-1-64-4-3-linear-1-feed-forward-32-relu-0.5-1-0.0005-0 2
15-2-128-256-9-9-1-1-linear-relu-1-feed-forward-128-relu-0.0-2-0.05-5 2
15-2-64-32-2-8-5-6-linear-linear-1-feed-forward-64-relu-0.0-2-0.05-2 2
25-1-16-9-5-relu-1-feed-forward-256-linear-0.0-1-0.01-4 2
25-4-128-32-128-16-9-8-4-3-1-6-2-4-linear-linear-relu-relu-2-recurrent-recurrent-256-8-linear-relu-0.0-0.5-0-3-0.0005-4 2
25-2-64-128-2-6-1-8-linear-relu-1-feed-forward-128-linear-0.5-1-0.0005-4 4
50-1-64-4-3-linear-1-feed-forward-128-relu-0.5-0-0.05-5 2
100-2-128-128-9-7-1-5-linear-linear-2-recurrent-recurrent-256-128-relu-linear-0.5-0.0-2-0-0.05-4 2
25-2-128-128-9-7-1-5-linear-linear-1-feed-forward-128-linear-0.0-3-0.0005-4 2
15-1-16-6-1-relu-2-feed-forward-feed-forward-8-512-linear-relu-0.0-0.0-3-1-0.05-0 2
15-1-16-8-1-relu-1-feed-forward-1024-linear-0.5-1-0.0005-0 2
15-1-16-8-1-relu-1-feed-forward-1024-linear-0.5-1-0.05-4 2
25-1-16-9-5-relu-1-feed-forward-64-linear-0.0-1-0.01-4 2
25-2-64-128-8-6-1-8-linear-linear-1-feed-forward-256-linear-0.0-0-0.0005-4 2
15-2-128-128-9-9-1-1-linear-relu-1-feed-forward-1024-linear-0.5-1-0.0005-4 2
25-4-64-128-128-256-9-6-9-7-1-7-1-4-linear-linear-linear-relu-2-feed-forward-recurrent-256-8-linear-linear-0.0-0.0-0-0-0.0005-4 2