Downloading data from https://storage.googleapis.com/tensorflow/tf-keras-datasets/train-labels-idx1-ubyte.gz
32768/29515 [=================================] - 0s 0us/step
40960/29515 [=========================================] - 0s 0us/step
Downloading data from https://storage.googleapis.com/tensorflow/tf-keras-datasets/train-images-idx3-ubyte.gz
26427392/26421880 [==============================] - 0s 0us/step
26435584/26421880 [==============================] - 0s 0us/step
Downloading data from https://storage.googleapis.com/tensorflow/tf-keras-datasets/t10k-labels-idx1-ubyte.gz
16384/5148 [===============================================================================================] - 0s 0us/step
Downloading data from https://storage.googleapis.com/tensorflow/tf-keras-datasets/t10k-images-idx3-ubyte.gz
4423680/4422102 [==============================] - 0s 0us/step
4431872/4422102 [==============================] - 0s 0us/step
Generation 1
0100001010000100000001011010100011101011011011000101000100010000011 0.1754000037908554
0010011000000110101100110110001000011111110100100011111101111011100 0.27959999442100525
0000110000000111010000000011111111111010011110000000011101101010001 0.15569999814033508
1100000111110110000110000000010011111000100011110100011001011110100 0.059300001710653305
0000111011100001111001100001111111111000001000011010000110110101100 0.7578999996185303
0000110000110011001101010011001011111001010010100001000101001010011 0.3935999870300293
0110010010010000101000011100010101101101110101000001111100111011111 0.5327000021934509
0001101000001110010011100110001001101001110001011110101001000111010 0.57669997215271
1100101011001100111000001111000000010001110111110110010100010001100 0.6797999739646912
0000010011000110010100101011100001111001100101001000100100011111111 0.10000000149011612
1000011111101110001101010110110010101100001110000001010100010000010 0.09019999951124191
0001111000001001011110001001100011110101010110110010000000101100111 0.10000000149011612
1000111010110001110011011000010111001110111100110010010110001100110 0.6876999735832214
1000111001110001010101001011000110000010101011100110000010101111111 0.42419999837875366
1000001011001100101011111001100000111000001111001001001100000001100 0.16459999978542328
1101000100001100011001000011100110011100100110111011100110000111011 0.521399974822998
1101000010001000000110011100011111101111100110101111101001101110100 0.18359999358654022
0000011100011110101011101111010111000111100001100001000011010011010 0.16670000553131104
0001000000000000100010111011011111001101111000001110001010111010111 0.10000000149011612
1001001110001000001110000110010110100101011010000110011010001001001 0.09989999979734421
0100000011010100010011000000000100010111110001100010100011100000010 0.09040000289678574
1100101000110111101111010100010010110101010111010001011111100111110 0.703000009059906
1000100000001011010101100111110000111001001100110001011010000111101 0.10000000149011612
0100110101001111100111111011100101110010111101011111010111100110001 0.10670000314712524
1001101101001010100010101111001110110100010100001010001100011001100 0.23649999499320984
1100111010101000101101000000111110111001010100011000110101101101001 0.4140999913215637
1001001110100010100001010001110000000111111110110100101100101001101 0.10040000081062317
0000001010110011000001011011010110001111100001111001000001000100110 0.7340999841690063
0000110111111000000001110101011101010010111011110000010011001100010 0.6162999868392944
0001111101000101101010100001011000001101000001011011101000001100001 0.35920000076293945
0000110110100001011110110101001011001000110011111010100011000010001 0.24120000004768372
0100100101001001011100001011100001111100011100010001000101110011101 0.3467999994754791
1100101000000100010011000111011111001000000101100001010011111001101 0.7730000019073486
1100011000011100001100101011000011000111001100111101111110101010000 0.1363999992609024
0000011011100110011110100110110000010111010011100000101000100110010 0.07159999758005142
1101010000000101110101001011001001011000111000100001001010111111101 0.6549999713897705
1000010000110011011000011100111110100101001010111011100111100010101 0.40959998965263367
0100101111010011111111100110101000101000110001100100010101000101000 0.6266000270843506
0000110100110101101100101010100011010101100110001101001001011101100 0.7817999720573425
0000100100010001101000011001001101101010010101101111000110101101010 0.7484999895095825
0100101101010001111001000100101100100010110001010100101001000110011 0.09430000185966492
1100001000010010110011111011110001010110000101011000010111111001100 0.3718000054359436
1001010001011011100001101000110100010011101111000000101111101111010 0.3955000042915344
1101001101111110100000001110011110101111111010101100000011101111010 0.4546999931335449
0000111010011010010000111010100110111100011010001100001110110111110 0.10000000149011612
0000111001110001111001111011011101010011001101000001110001001110100 0.09839999675750732
0101111110100100100100100100100010100110110011011000001000100010001 0.11259999871253967
0100001001010001010010101010010011011011111001101110100111110110011 0.07050000131130219
1100110001001000000110100011111101100110001011000010000111100000011 0.2054000049829483
1100011110010100110110001011110010010101000001000010101000100110110 0.19660000503063202
[0.7817999720573425]
[0, 0, 0, 0, 1, 1, 0, 1, 0, 0, 1, 1, 0, 1, 0, 1, 1, 0, 1, 1, 0, 0, 1, 0, 1, 0, 1, 0, 1, 0, 0, 0, 1, 1, 0, 1, 0, 1, 0, 1, 1, 0, 0, 1, 1, 0, 0, 0, 1, 1, 0, 1, 0, 0, 1, 0, 0, 1, 0, 1, 1, 1, 0, 1, 1, 0, 0] 0.7817999720573425 0.6920525262854538
Generation 2
0000110100110101101100101010100011010101100110001101001001011101100 0.7817999720573425
0001101000001110010011010100010010110101010111010001111111100111010 0.5264000296592712
1100101000010111101111000110001001101001110001011110101001000111110 0.7502999901771545
0000110111111000000001110101011101010010011011111000110101101100011 0.7269999980926514
1100111010101000101101000000111110011001010100011000010011001101000 0.313400000333786
1001010001011011100001101000110100010101000001000010101101101111110 0.3472999930381775
1100011110010100110110001011110010010011101111000000101000100110110 0.18160000443458557
1000111001110001010101001011000110000010101011100110010010010001110 0.19140000641345978
1100101011001100111000001111000000010001110111110110000100101111101 0.6776000261306763
0100101111010010111111100110101000101000110001111011100110000111000 0.6420000195503235
1101000100001100011001000011100110011100100110100100010101000101001 0.28349998593330383
0000101000011111010011100110001001101001110001011110101000000111110 0.7555999755859375
0000110000110011001101010011001011111001010010101101100101001010011 0.40049999952316284
1100011000011100001100101011000011000111001100110001011110101010000 0.07810000330209732
1101001100010000101000011100010101101101110101000001111100111011000 0.08919999748468399
0110010011111110100010001110011110101111111010101100000011101111111 0
1000111001110001010101001011001110000010101001100010010010101101110 0.7918000221252441
1000111010110001110011011000010111001110111100110110000110001110111 0.5633000135421753
1100110001001000000110100011111100010001110111100010000111110000110 0.10000000149011612
1100101011001100111100001111000001100110001011010110010100000001001 0.16750000417232513
0000110100110001101100101001010111000101100110001101001010001100110 0.7645000219345093
1000111010110001110011011010100011011110111100110010010101011100100 0.6571000218391418
1100001000110111101111010100010010110101010111010001010011100111010 0.35280001163482666
1101001101111110100000001110011110100111111010101100001111101111110 0.5
0000110000000111010000000011111111000111100001100001000011101011011 0.6668999791145325
0000010100011110101011101111010111111011010110000000011101010010000 0.09049999713897705
1100001000010010110011111011110101010110000101011000011111101101110 0.8177000284194946
1100101000110111101111010100010010110101010111010001010111110011100 0.29510000348091125
1100001010010010110011111011110001010110000101011000010011111000100 0.3580999970436096
1100101000000100010011000111011111001010000101100001010111111001101 0.7778000235557556
0000110000110011001100110011000011000111001110100001000100101010001 0.10000000149011612
1100111000011100001101001011011011111001010000111101111101001010010 0.6187000274658203
0000110000110011001101010001001011111001011010100000010101000010010 0.1005999967455864
0100101111010011111111100110101000101000110001100001000101001001001 0.13689999282360077
1100101000000110010011000111011111001000001101100001010011111101101 0.7803999781608582
1100001000010000110011111011110001010110000101011000010111111001100 0.09780000150203705
0110010010010000101000001100010111001000000101100001010011111001101 0
1100101000000100010011010111011101101101110101000001111100111011111 0.638700008392334
1100101101001010100010101111001110110001110110110110000100011001100 0.6829000115394592
1001101011001100111000001111000000010100010100001010011100010001100 0.14000000059604645
1101010000000101110101001011001001011000111000100001001010111111111 0.10000000149011612
0000110000110011001101010011001011111001010010100001000001001010001 0.15649999678134918
0110010010010000101000001100010101101101110101001001111100110011110 0.2939000129699707
1100101011001100111001001111000000010001110111110110010100011101101 0.10000000149011612
1100110001001000001110101011001001011000011011000001000111100001001 0.1046999990940094
1101010000000101110101000001111101100110111000100010001010111110111 0.6506999731063843
0100100101001001011100001011100001111100011100010001001111110011100 0.19709999859333038
1100101000110110101111010100010010110101110101010001010101100111111 0.6881999969482422
0100101111010011111111100110101000101000110001100100010101001011000 0.09099999815225601
1100011000011100001100101011000011000111001100111101111110100100000 0.707099974155426
0000110100110101101100101010100011010101100110001101001001011101100 0.7817999720573425
Generation 3
1100001000010010110011111011110101010110000101011000011111101101110 0.8177000284194946
1100101000000100010011000110111110011001010100011000010011011101100 0.46050000190734863
1100111010101000101101001001011111001010000101000101010111101001000 0.10670000314712524
1100101010000100010011010111010100101101110101000001111100110011110 0.6367999911308289
0110010010010000101000001100010001101101110101001001111100111011111 0.6437000036239624
0000101100010000101000011100010101101101110101000001111101011001001 0.1599999964237213
1101101011001100111000001111000000010001110110010110001111100011100 0.7368000149726868
0100100101001011010100001011100001111100011101110001000100111111101 0.8256000280380249
1111001000010010110110100011111100010001110111100000011111111000110 0
1101110001001000010010111011110101010110000101011010100111101101110 0.5842000246047974
0000110100110101101100101010001110000011100111100101001001011101100 0.7935000061988831
1000111001110001010101001011100011010100101000001010010010101101110 0.6951000094413757
0001101000101110010011010100010010110101010111010001101111000101110 0
0000110100110101101100101010100011010101100110001101011001111111000 0.2655999958515167
1000101001110001010101010100010010110101110111010001010010101101100 0.5062000155448914
1100111000110111101111001011001110010010101001100010010111110011110 0.5501999855041504
1101010000000101110101000001111101100110111001100001010011111100111 0.7814000248908997
1100101000000110010011000111011111001100001100100010001010111111101 0.10000000149011612
1000111001110001010111001011001110000010100111110110000100101111111 0.10000000149011612
1100101011001100111000011111000000010001111001100010010010101001100 0.6410999894142151
1100101011010111111111100110101000101010110001100001000100101001001 0.14399999380111694
0100101111000100111000001101000000010001110111110110000101001111101 0.7013000249862671
1101001100000110010011000111001111001000110101100001111100111011100 0.44519999623298645
1100101000010000101000011100010101101101001101000001010011111101001 0.4228000044822693
1001010001011110100001101000110100000110111000100010001010111100111 0.6955000162124634
1101010000000101110111000001110101100101000001000010101101101111110 0.61080002784729
0000110100110001101100101001011101101101100110001101101100111010110 0.6581000089645386
1100101000000100010011010111010111000101110101000001111010001101111 0.10000000149011612
0000101000011111010011100111011111001001111101100001001011111101101 0.8101999759674072
1100101000000110010011000110001001101000000001011110110000000111110 0.7333999872207642
0000110111111000000001110101011101010010010001111010110101011101001 0.666700005531311
0100101111000010111111100110101000101000111011111001100110100110010 0.1031000018119812
0000110111111000000001110101011101010010011011111000110101000100011 0.7426999807357788
1101000100001100011001000011100110011100000110100100010101101101001 0.1940000057220459
0000110100110101111111100110101001010100110001111011100110011111000 0.5856000185012817
0100101111010010101100101010100010101001100110001100001001000101100 0.7702000141143799
0100001000010010110011111011110001010010000101011000010011111101110 0.8040000200271606
1100001010010010110011111011110101010110000101011000011111101000100 0.2290000021457672
1100011110011000000001110101011101010010011011000000110100100110110 0.12849999964237213
0001110111110100110010001011110010010011101111111000101001101100011 0
1100001000010010110011111011001110000010101001100010010011101101110 0.7800999879837036
1000111001110001010101001011110101010110000101011000011110101101110 0.7717000246047974
1100111001110001010101001011001110000010101001100010011010000101110 0.7936000227928162
0000101000011111010011100110001001101001110001011110100000101111110 0.7630000114440918
0000110100110000101000101001010111000101100110001101001010001110111 0.6793000102043152
1100101011001101111000001111000000010001110111110010000100101100100 0.7303000092506409
0100101000110110101101101000110100010101010001000001010101100111111 0.21089999377727509
1000010001011011100011010100010010110101110101010010101101101111110 0.7621999979019165
1100111001110001010101001011001110000011101001100011010010101101100 0.7810999751091003
1101011000011100001100101011000011000111001100111100111110100100010 0.28999999165534973
1100001000010010110011111011110101010110000101011000011111101101110 0.8177000284194946
Generation 4
0100100101001011010100001011100001111100011101110001000100111111101 0.8256000280380249
1101101011001100111000001111000101110110000101011000011111100101100 0.7820000052452087
1100001000010010110011111011110000010001110110010110001111101011110 0.10000000149011612
1101101010000100010010111010110101011101110101000001111111101101110 0.5382000207901001
1100110001001000010011010111010100100110000101011010100100110011110 0.737500011920929
1001010001011110100001101000110001101010111001011110000010101110111 0.12099999934434891
0000101000011111010011100110001100000101110000100010101000111101110 0.6014000177383423
0100101111000100111000101101000000011001110111111000011101001101100 0.7702999711036682
1000111001110001010101001011110101010110000101010110000110101111111 0.6898000240325928
1100001000011110100001101000110100000110111000011000011110111101111 0.336899995803833
1101010000000101101000111010001101100110110111100101001001011101100 0.8108000159263611
0000110100110101110101000001111110000011101001100001010011111100111 0.7835999727249146
0100101111000100111000001001000000010001110111110110011010011111111 0.10000000149011612
1100111001110001010101001011001110000010101001100010000101000101100 0.7649000287055969
0000101000011111010100000001100001111100011101110001011010111101101 0.8090000152587891
0100100101001011010011100111011110001001111111100001000101111111001 0.7498000264167786
0000101000011101010011100111011111100101000001000010101001101111111 0.10000000149011612
1001010000000101110111000001110101001001111101100001001111111101100 0.7595000267028809
1001010011000100111001001000110100000110111000110110000110111101101 0.10000000149011612
0100101101011110100001001101000000010011110111100010001001001110011 0.11640000343322754
1000010001011011100011010100010010110101110101010010101011111101110 0.7452999949455261
0100001000010010110011111011110001010010000101011000010101101111110 0.8033000230789185
1101010000000101110101000001111101100110111001000010101101101100111 0.10000000149011612
1101010000000101110111000001110101100101000001100001010011111101110 0.7664999961853027
0000110111111000000001110100100010010010011011111000001001010101000 0.7044000029563904
0100101111010010101100101011011101101001100110001100110101000100111 0.6428999900817871
1100110111111000000001110001011101010010011011111010111110100100011 0.7335000038146973
0001011000011100001100101011000011000111001100111100110101000100010 0.19760000705718994
1100111001110001010101001011011101100110111001100001010011111101101 0.7918999791145325
1101010000000101110101100001101110000011101001100011010010101100110 0.8296999931335449
1100101001001101111000001110001001101000010111110010000100100011110 0.7450000047683716
1100101010000110010011000111000000010001100011011110110000001100100 0.6122999787330627
1000110100110000101000101001010111000101100110001101001010011010111 0.6753000020980835
0001110110110001101101101001011101101101100110001101101100101110110 0
0000101000011111010011100111011011001001110101000001001110111101100 0.5073999762535095
1100101010000100010011010111010100101101111101100001111001110011111 0.46000000834465027
1101001100000110010011000111011110001010110001111001111100111001001 0.10050000250339508
0000110111111000000001110101011101010010011101100000110101000110110 0.43790000677108765
0110010010010000101000001100010001101101110101001000111110101111110 0.5151000022888184
1100111001110001010101001011001110000011101001100010011000010001111 0.7017999887466431
1100101010000110010101001011001001101000000001011110110000011101100 0.7829999923706055
1100111001110001010011000110001110010011101001100011010000100111110 0.7918000221252441
1110010111000100111000001101000000010001110111110001111100111111111 0.10000000149011612
0100101010010000101000001100010001101101110101001110000101001011101 0.6610000133514404
0000101000011111010011100111011111001001111101100001001011111101101 0.8191999793052673
0100100101001011010100001011100001111100011101110001000100111111101 0.8100000023841858
1001010001011110100001101000110100000110111000100010001010111100111 0.7257000207901001
1001010001011110100001101000111100000100111000100010001010111101111 0.6700999736785889
0000101000011101010011100111011111010100110000111011100111111101100 0.6348999738693237
0000110100110101111111100110101000001001111101100101001010011111001 0.7153000235557556
0100100101001011010100001011100001111100011101110001000100111111101 0.8256000280380249
Generation 5
1101010000000101110101100001101110000011101001100011010010101100110 0.8296999931335449
1100111001110001010101001011001110000011101001100101011000011101110 0.7703999876976013
1101010000000100101000111010001101101110110111100010001001010001101 0.7497000098228455
0100100101011011010100001001100001111100011101110001011010111111101 0.7494999766349792
0000101000011111010100000011100001111100011101110000000100111101101 0.7821999788284302
1101010000000101110111000001110101100101000001100001010101111111011 0.7924000024795532
0100100101001011010011100111011111000001111111100001000011111101100 0.8198999762535095
1100110111111000000001110001011101010010011011110001011111101100110 0.7613999843597412
1101010000000101110111000001110101100101000101101010110010101101011 0.7886000275611877
1000111011001100111000001111000101110110000101011000011111101101100 0.7894999980926514
0100100101001011010100001011101101100110111001110001010010111111101 0.7633000016212463
1100111001110001010101001011010101111100011101100001000101111101101 0.7922999858856201
1101101011001100111001110001011101010000011011111010011111100101001 0.6636999845504761
1100110111111000000000001111000101110110000101011000111110100100111 0.7109000086784363
1100111001110001010111000110001110010011101001100011010010101100110 0.7993000149726868
1101010000000101110101100001101110000011101001100011010000100111110 0.7748000025749207
0000101111010010101100101011011101101001100110001100010101000101111 0.7366999983787537
1100101001001101111000001110001001101000010111110010000100100110100 0.10599999874830246
1000110100110000101000101001110101001001111101100001011110011110100 0.042899999767541885
1001010000000101110111000001010111000101100110001101001011111001110 0.636900007724762
1100010000000101110111000001110101100110111001100001001111111101100 0.8083999752998352
1001111001110001010101001011011101001001101101100001010011111101101 0
1100101101001101111000001110001011101000010110000100110001000100111 0.49720001220703125
0100101111010010101100101011011101101001100111110010000110100010110 0.2563000023365021
1101010000000101101000101010001101100110110111100101001001011101100 0.8138999938964844
0100100101000011010100011011100001111100011101110011000100111111101 0.8083999752998352
1100111001110001010011000110001110010011101001100011010000001101110 0.7865999937057495
1100101010000110010101001011001001101000010001011110110000110111100 0.7282000184059143
1100101010000110010101001011001001101000100001011000111111111101100 0.7591999769210815
1101101011001100111000001111000001110110000101011110110001000111100 0.7585999965667725
0000101111000100111000101101000000011001110111111000011101001101100 0.7616000175476074
0100101111000100111000101101000000011001110111111000011101001101100 0.7789000272750854
0100101010011000110101001011001000101101110101001110000101001001100 0.3244999945163727
1100101010000100001000001100110001101000000001011110110001011111101 0.6610000133514404
0000110100110110010011111011111110000010000101100001010011111100111 0.7853999733924866
0100001000010001110101000001110001010011101001011000010101101111010 0.4977000057697296
0100000101001011010101001111011110001001111101100101000100111111101 0.800599992275238
0100100101001011010010100011100001111100011111110001000101111111001 0.761900007724762
0100101111010010100100001011100001111100011101110001100101000101101 0.794700026512146
0100100101001011011100101011011101101001100110001100010100111110111 0.2402999997138977
1101010000001101010111000001110101100101000111110000011101001101100 0.728600025177002
0100101111000100111000101101000000011001110101100001010011111101110 0.6668000221252441
1100101001001101111100001110001001100010110111100101000000101111100 0.7031000256538391
1101010000000101101000111010001101101000010111110010001101010001110 0.10000000149011612
0100100101001011010100001111100110001001111111100001000101111111001 0.7389000058174133
0100100101001011010011100111011001111100011101110001000100111111101 0.815500020980835
1101101011001100000001110001110101010010000101011000011111100101010 0.5351999998092651
1100110111111000111000001111000101110110011011111010111100100100101 0.7639999985694885
1101101011001100111000001111000101110110000101011000011111101101100 0.7716000080108643
1101010000000101110111100001110101100101000001100001010011111101110 0.7713000178337097
1101010000000101110101100001101110000011101001100011010010101100110 0.8296999931335449
Generation 6
1101010000000101110101100001101110000011101001100011010010101100110 0.8296999931335449
1101010000000111110101100001101110000011101001100011000010100001100 0.6040999889373779
1101010000000100001000111010001101101110110111100010011001011100111 0.7652000188827515
0100010000000101110101100011100001111100011101110001010000100111110 0.4645000100135803
1100010000000100101000101111100110001001111111100001000101110111101 0.6484000086784363
0101100101001011010100011010001101101110110111110010001001011001001 0.3553999960422516
1101101011001100111000001111000101110110000101011000011111100101101 0.7559999823570251
1100110111111000111000011111000101110110011011111010111100101100101 0.7698000073432922
1101101011001100111000001111000101110110000101011000011111100101110 0.10000000149011612
1101101011001100000001110001110101010010000101010000011111101111000 0.13689999282360077
1101010000000101110111000001110101110101000001100001010011111101110 0.7723000049591064
1101010000000101111111100001110101100001000001100001010101111111011 0.729200005531311
1100110111111000111000001111000101110110011001100011010100100100100 0.7781000137329102
1100111001110001010011000110001110010011101011111000111010001101111 0.10000000149011612
0100100101001011111000100011100001111100011110110001000101111111100 0.6646999716758728
1100101011001100010010001111000001110110000101011110110001000110001 0.10970000177621841
1101101011001100111000000001100001110110000101011110010000110111110 0.10000000149011612
1101010000000101110101101111001110000011101001100011110001000111100 0.8075000047683716
0000110100110110010011111011111110100010110111100101001001011100110 0.7021999955177307
1101010000000101101000101010001101100110000101100011010111111101101 0.8456000089645386
1111010000000101110111000001101110001001111101100101010101111111111 0
0100000101001011110101001111010101100101000001100001000100110111001 0.48010000586509705
1101101011001100111000101101000000011000011011111010011111001101100 0.722000002861023
0100101111000100111001110001011101010001110111111000011101100101001 0.7831000089645386
1100111001110001010111000001110101100101000101100011010010001101011 0.7663999795913696
1101010000000101110111000110001110010011111001101010110010100100110 0.7975000143051147
1100101111100100111000101101001110011001110111111000011101001100110 0.7882000207901001
0001010000000101110101100001100010000011101001100011010010101101100 0.8154000043869019
1101110111111000000001110111000101110110000101011001011111101100100 0
1101101011001100111000001001011101010010011011110000011111101101110 0.10000000149011612
1101010000000101101000101010001101100110110111110011011111101101100 0.8324999809265137
1100110011111000000001110001011101010010011011100101001001011100110 0.7800999879837036
0000101111010010101100101011011101101001100110001100000011111111110 0.6535999774932861
0100100101001011010011100111011111000001111111100001010101000101101 0.8217999935150146
1001010000000101110101100001100100000011101001100011010000100100101 0.776199996471405
1100110111111000111000001111001111110110011011111010111100100111110 0.6607999801635742
1101010000000101110111000001110101100101010111111000011101101101001 0.7562000155448914
0000101111000100111000101101000000011001110101111010110010001101110 0.7228999733924866
0100100101001011010011100111011111000001111111100101000111111111101 0.789900004863739
0100000101001011010101001111011110001001110101100001000000111101100 0.7641000151634216
0000110100110110101000111010001101101110010111100001010011110101101 0.8012999892234802
1101010000000100010011111011111110000010000101100010001001011001111 0.5993000268936157
1100110111111000000001110001011101010010000011110001011111101111100 0.7616000175476074
1101101011001100111000001110000101110110011101011000011111101100110 0.7440000176429749
0000100111000100111000101101000000010101000101101010110010001101110 0.6601999998092651
1101010000000101110111000001110101101001110111111000011101101101001 0.7371000051498413
1100110101001011010011100111011111000001111011110001011111101100100 0.823199987411499
0100101111111000000001110001011101010010011111110001000011111101110 0.7371000051498413
1101010000000001101000101010001101100110010001100000010011111101110 0.8167999982833862
1101010000000101110111100001110101100101000111100101001001011101100 0.7401999831199646
1101010000000101110101100001101110000011101001100011010010101100110 0.8296999931335449
Generation 7
1101010000000101101000101010001101100110000101100011010111111101101 0.8456000089645386
1100111011111000111000001111000101110110011000000011010100101100001 0.22179999947547913
1100110101110001010111000001110101100101000101100011010010000101110 0.8082000017166138
0100110111111000111000101100000000011000110011110001011111101111100 0.7623000144958496
1000101111000100000001110011011101010010000101111010110010001101110 0.6292999982833862
1100110101001011010011100111011111000001111011110001011111100100100 0.824999988079071
0100101111111000010001010001011101010010010111110001000011111101110 0.7339000105857849
1101010000000100111000011111000101110110011001111010111100101100110 0.7954999804496765
1101110001001100111000101100000000000110110111110011011111001101100 0.7542999982833862
1101001010001101101010101010001101111000011011111010011111101101100 0.7287999987602234
0000110100110110101000111010001101101111110101110000110011101101101 0.7731000185012817
0000101111000100111000101101000000011000010111101011010010010101110 0.10000000149011612
1101010000000101110101100001100001100110110111110011011110101101100 0.8216000199317932
0001010000000101101000101010001110000011101001100011010011101101100 0.8421000242233276
1100110111111000010011100011011111000001111111100011010101100101101 0.7811999917030334
0100100101001011111000001111000101110110011001100001010100000100100 0.7957000136375427
1100000101001011010011100111011110001001110101100001000000000101101 0.807699978351593
0100100101001010010101001111011111000001111011100001010101111101100 0.8112999796867371
0000100100110110101000111010001101101110010111100001010011110111100 0.7645000219345093
1101010000000101110101101111001110000011101001100011110001000101100 0.8033999800682068
0000110100110110101000111010001101101110010111100001001011110100111 0.10000000149011612
1100110011111000000001110001011101010010011011100101010101011101100 0.8029999732971191
1100111001110001010111000001110101101001110101111000011101101101001 0.6927000284194946
1101010000000101110111000001110101100101000101100011010010001101011 0.79339998960495
1101010000000101110111000011110101100101011001100011010100101101001 0.6642000079154968
1100110011111000111000001111000101110110010111111000011101100100100 0.7566999793052673
0100100101001011010011100101011110000011101111100001010010101100111 0.5733000040054321
1101110000000101110101100001101111000001111001100011010101000101100 0.7867000102996826
0100101111001100111001110001011101010010000101101000011101111101111 0.1096000000834465
1101010000000101101000101010001101100101110101110011010111100101001 0.7919999957084656
1100111001110001010111010001111101010001110111100011010001100101000 0.42570000886917114
0100111111000100111001110001010101100101000101111000011110001101011 0.7077999711036682
1101010000000100001001110001011101010110110111100010011001111100111 0.7537999749183655
0100101111111000000000111010001101101010011101110001000011011101110 0.7301999926567078
1101010000000101101000101010001101100110000101100011011001011001111 0.7961000204086304
1101010000000100010011111011111110000010000101000110000111111111101 0.6629999876022339
0100000101001011001000101010001101100110110111110011000000111101100 0.32409998774528503
1101010000000101110101001111011110001001110101100001011111101101100 0.8185999989509583
1100100101111000111011101111000101110110011001100001010101000101100 0.7623999714851379
0100111111000011010000000111111111000001111111100011010100100100001 0.695900022983551
1100110101001001010111000001110101100100011011110001011111101100111 0.10000000149011612
1100111001110011010011100111011111000001100101100011010010001101000 0.5569000244140625
1100110111111000111000011111100101110110011011111010111100101110100 0.11680000275373459
1101010000000101110111000110001111010011111001101010110010100100101 0.8026999831199646
0000110110110110101000111010010101100101010111111001011101110101101 0.7648000121116638
1101010000000101110111000001101101101110010110100000010011101101001 0.6049000024795532
1100101001100100111000101101001110011001110110111000010101001101110 0.10000000149011612
1101010110000001101000101010001101100110010001100000011011111101110 0.7554000020027161
1100110111111000000001110011011101000001000011100001000111101111101 0.7046999931335449
0100100101001011010011100001011101010010111111100101011111111111100 0.824999988079071
1101010000000101101000101010001101100110000101100011010111111101101 0.8456000089645386
Generation 8
1101010000000101101000101010001101100110000101100011010111111101101 0.8456000089645386
1101010000000101110111000110001111010011111001100010110011111100111 0.10000000149011612
1101010000000100001001110001011101010110110111101010011000100100101 0.7512999773025513
1101010110000001101100101010001101100110111111100101011011111111110 0.6815000176429749
0100100101001011010011100001111101010010010001100000011111111111100 0.8084999918937683
1100000000000101010011100011011110001001110101100011010101000101100 0.8202999830245972
1101110100001011110101100001101111000001111001100001000000000101101 0.8133000135421753
0100110110110110101000111010010101100101010110111001010101111101100 0.7562000155448914
0000100111001010010101001111011111000001011011100001011101110101101 0.8036999702453613
1101010000000100001001110001000101110110011001111010111100111100110 0.7867000102996826
1101010000000100111000001111011101010110110101100010011001101100011 0.7900999784469604
1101010000000111101000101010001101100001000101100011010111111101001 0.8015000224113464
0100111111000100111001110001010101101110000101111000011110001101111 0.10949999839067459
1100111001110001011111010001111101010001110111100011010011100101000 0.5029000043869019
0000110100110110101000111010001101101111110101110000110001101101101 0.7767000198364258
1101001010001101101010101011000101110110011001101010011111100101100 0.7261000275611877
0100100101011011111000001110001101110000011011110001010100001100100 0.7263000011444092
0000110100110110101000101010001101101111110111110000111001011101111 0.10369999706745148
1101010000000101101000111010001101100110000111100011010011101001101 0.7330999970436096
0000110100110110101000111010001101101110010111100001010011100111100 0.7789000272750854
0000100100110110101000111010001101101111110101110000110011111101101 0.7878999710083008
1101010000000101110101100001100001100110110111110011011001011101111 0.10000000149011612
1101010000000101101000101010001101100110000101100011011110101001100 0.5906000137329102
1101010000000101110101101111001101110111101001101000011101000100100 0.7821000218391418
0100010011111000111000001111001110000010010111110011110001100101100 0.7289999723434448
1101010000001100111001100001100001100110110111100011011111001101100 0.7088000178337097
1101110001000101110100001100000000000110110111110011011110101101100 0.7835000157356262
1100111001110011010111000001111111000001100101100011010010000101110 0.7942000031471252
1100110101110001010011100111010111100101000101100011010010001101000 0.43470001220703125
1101010000000101110111000110001111010011111001101010011001110100101 0.7918999791145325
1101010000000100001001110001011101010110110111100010110010101100111 0.6733999848365784
1101010000000101101000101010001101100110011101110001000001011101111 0.10000000149011612
0100101111111000000011100001011101010010111111100101000011011101110 0.7483999729156494
0100100101001011010000111010001101101010011101110001011101111111100 0.8373000025749207
0000110100110110100001110011011101000001000011100001000111101101101 0.7926999926567078
1100110111111000001100111010001101101111110101110000110011101111101 0.730400025844574
1110110101110001010111000001000101100101000101100011010010000101111 0
0100100101001011111000001111110101110110111001100001010100000100100 0.7936999797821045
1100110101110001010111000001110101100101000111110011011110000101100 0.8134999871253967
1101010000000101110101100001100001100110110101100010010010101101110 0.7567999958992004
1101010000000101101000101010001101100110000101100011010111111101101 0.8341000080108643
1101010000000101101000101010001101100110000101100011010111111101101 0.8482000231742859
0101110001001101110111000110001111010011111001110011011010101101101 0.7731000185012817
1100010000010100111000101100100000000110110111101010110111000100100 0.79339998960495
1101010000000101101001101010000101110110011001100011010100000000101 0.6539999842643738
0100100101001011111000001111001101100110000101100001011001011101110 0.8197000026702881
1101010000100101101001110001011101010010000101100011010111111101100 0
1100110011111000000000101010001101100110011011000101010101011101101 0.7802000045776367
0000100110110110101000111010001101101110010111110001010101110110100 0.28619998693466187
0100100101001011111000001111000101110110011001100001010010000101100 0.8274999856948853
1101010000000101101000101010001101100110000101100011010111111101101 0.8456000089645386
Generation 9
1101010000000101101000101010001101100110000101100011010111111101101 0.8482000231742859
1100000000000101010000111010001101101111110101110001010101000101100 0.8241999745368958
0000110100110110101011100011011110001001010101100010110001101101101 0.7807999849319458
0100100101001011110000001111000111110110011001100011110010000101100 0.8015000224113464
1100111001110011010111000001111101000001100101100001010010000101110 0.7856000065803528
1100000000000101010011100011011110001001110101100011010101000101100 0.804099977016449
1100000000000101010011100011011110001001110101100011010101000101100 0.7989000082015991
1101010000001100111101100001100001100110110111100011011111111101101 0.659600019454956
0000110100110110101000111010001101111111010101110000110011001101100 0.7857000231742859
1001010000000101101000111010001100000110110111100011010011100101101 0.8264999985694885
1100010000010100111000101100100001100110000111101010110111001001101 0.722000002861023
1100110100101100110000101100100000000110110111101010010111100100101 0.7700999975204468
0000010000010110101001110011011101000011000011100001000111001101100 0.7967000007629395
0100100101001011111000001111110101110110111001100011010111000100100 0.7821999788284302
1100010000010100111000101100100000000110110111101000110100000100100 0.7741000056266785
0000100111001010000101001111011111000001011011100001011101110101101 0.7566999793052673
0000100111001010010101001111011111000001011011110001011101110101101 0.7791000008583069
0100100101011011111001001110010101100101010110111001010100011101100 0.49790000915527344
0100101101011011111000001110100000000110110111101010110111000100100 0.739300012588501
1100010000010100111000100100001110110000011011110001010100001100100 0.792900025844574
1100110011111000000000101011011110001001110101110011010101001101100 0.7997000217437744
1100000000000101010011100010001101100110011011000101010101010101101 0.7968000173568726
1101010000000101101000101010001101100110000101100011011011111101111 0.10000000149011612
1101010110000001101100101010001101000111111101100101010111111111100 0.8046000003814697
1101011000000100001001110001011101010110110111100010110001101110101 0.07670000195503235
0100100101001011010000111010001101101010011101110001011110111101110 0.8062999844551086
0000100111101010010101001111110111011110111001100001010100000101101 0.8041999936103821
0100100101001011111000001111011101100001011011100001011101010100100 0.7817000150680542
1101010000001100111001100001100001100110110111110011011110000111100 0.6704999804496765
1100110101110001010111000001110101100101000111110011011111001101100 0.7976999878883362
1101010000001111101000101010101101100110000101100011010111111101001 0.7146999835968018
1101010000000101101000101010001101100001000101100011010111111101101 0.8410999774932861
0100100101001011101000101010001101100110111001100000010111111101100 0.79830002784729
1101010000001101111000001111110101110100000101100011010100000100101 0.8064000010490417
1100010000010100111000101100100000000110110111100010110111101111100 0.7602999806404114
0000101101001011010011100001111101000010010001101000011111010100100 0.791100025177002
0000110100110110100001110011011101100110110111101010100111000100101 0.7214000225067139
1100010000010100111000101100100000000000000011100001010111101001100 0.4620000123977661
0100101111111000000011100001110101100101000111100101011110001101100 0.7616999745368958
1100110101110001010111000101011101010010111111110011000011010101110 0.7936999797821045
0000101111111000000011100001011101000001000011100111000001011101110 0.7214999794960022
0100110100110110100001110011011101011010111111100001000111101101101 0.7682999968528748
1100000000000101010011100011011101101010011101110001010101000101100 0.8228999972343445
0100100101001011010000111010001010001001110101101011011101111111100 0.7843999862670898
1101010000000101101001101010000101100110011001100011010101110101101 0.824999988079071
1101010000000101101000101010101101110110000101100011010110000000111 0.7918000221252441
1101010001001101110111000110001111011011110001101010011000100101101 0.7524999976158142
0101110000000100001001110001011101010110110111110011011010101100101 0.816100001335144
1111000000000100111000001111011101010110110101100101011011111100011 0
1101010110000001101100101010001101100110111111100010011001101111110 0.722599983215332
1101010000000101101000101010001101100110000101100011010111111101101 0.8482000231742859
Generation 10
1101010000000101101000101010001101100110000101100011010111111101101 0.8482000231742859
0000110100110110101011100011011110001001010101100010110001000101101 0.7620999813079834
1100000000000101010011100011011110001001010101100010010101101100100 0.78329998254776
1100110101110001010111000101011101010010010001101000011011010100100 0.7903000116348267
0000101101001011010011100001111001000110111111110011000111010101110 0.6037999987602234
1000010000000101101000101010001100000110110111100011010011111101100 0.8007000088691711
1101010000000101101100111010001101100001000101100011010111100101101 0.8190000057220459
0100100101001011111000101111110101111110110111110011011011000100100 0.7983999848365784
0101110000000100001001110001011101010110111001100011010110101100101 0.7883999943733215
1100000000000101101100101010001101100110111111110001010101101111110 0.770799994468689
1101010110000001011011000001011101101010011101100010011001000101100 0.7322999835014343
1001010000000101101000011010001100000111110111110011010010100101100 0.7975000143051147
0101110000000100001001110001011101010110110111000011011011101100101 0.6930999755859375
0000110100110110101000111010001101011111010101110010110011001101100 0.7882999777793884
0000110100110110101011100011011110001001010101100000110001101101100 0.7793999910354614
1100000000000111011000111010001101101111110101110011010111111111100 0.76419997215271
1100000000010101010000111010001101010110100111110011111011001101100 0.7803999781608582
0101111000000100001001110001011101101111110101110001010100100100101 0.7973999977111816
0100100101001011010000111010001100000110111101110001011100111101111 0.6825000047683716
1001010000000101101000111010001101101010010110100011010011100101100 0.5605000257492065
1101010000000101101000101010001101100001000101100011010111111101101 0.821399986743927
1101010000000101101000101010001101100110000101100011010111111101101 0.8198999762535095
0000100111101010010101001111110111011110111001100001010101010101101 0.7793999910354614
1100000000000101010011100010001101000110011011000101010100000101101 0.7942000031471252
1101010000001101111000001111110101110110110111110011010100101100101 0.7581999897956848
0101110000010100001001110001011101010100000001100011011011000100101 0.4544999897480011
1101010000000101101000101110001101100110000101100011111010111101101 0.8284000158309937
0101110000000100001001110001011101010110110111110011010111101100101 0.7883999943733215
1101010000000101001001101010000101100110110101100011010101100101100 0.8217999935150146
1100000000000101010000111010001101101111011001110001010101010101101 0.7817000150680542
1100000100000101010011100011011101101001000111100101011100001101100 0.8105999827384949
0100101111111000000011100001111111100110010101110001010111000101100 0.7347000241279602
0000100111101010010101001111110111011110111001100010010101101111110 0.7867000102996826
1101010110000001101100101010001101100110111111110001011000000101101 0.7667999863624573
0101010000000100001001110001011101010110110111110011011011100100101 0.7846999764442444
1001010000000101101000111010001100000110110111100011010010101101101 0.8054999709129333
0100110111111000001000111110001100000110110111100011010101001101100 0.7653999924659729
1001010000000101100000101011011110001001110101110011010011100101101 0.8507000207901001
1100110101111000000000101011011110001001110101010011011111001101100 0.7652000188827515
1100110011110001010111000001110101100101000111110011010101001101100 0.8041999936103821
1101010000001111101000101010101101100110000101100011011111111100001 0.7278000116348267
0000101101001011010011100001111101000010010001101000010111010101100 0.8093000054359436
0101110000000100011001110001001101010110110111110011011011001101101 0.7574999928474426
1101110011111000000000101011011110001001110101110011010100101100100 0.3154999911785126
1100000000000101011011110011011101101010011101110001010101001101100 0.8051999807357788
1101010000000101101000001010001101100001000101100011010111110101101 0.8137999773025513
1001010000000101100000101000001100001000110101110011010011100101101 0.8281000256538391
1100110011111000001000111011011110000110110111100011010101001101100 0.8102999925613403
1100010000010100111000100000100000101110110111101000110111000101100 0.810699999332428
1100000010001101010000111010001101000111111101110001010100000100100 0.7889999747276306
1101010000000101101000101010001101100110000101100011010111111101101 0.8482000231742859
[0.7817999720573425, 0.8177000284194946, 0.8256000280380249, 0.8296999931335449, 0.8296999931335449, 0.8456000089645386, 0.8456000089645386, 0.8482000231742859, 0.8482000231742859, 0.8507000207901001]
[1, 0, 0, 1, 0, 1, 0, 0, 0, 0, 0, 0, 0, 1, 0, 1, 1, 0, 0, 0, 0, 0, 1, 0, 1, 0, 1, 1, 0, 1, 1, 1, 1, 0, 0, 0, 1, 0, 0, 1, 1, 1, 0, 1, 0, 1, 1, 1, 0, 0, 1, 1, 0, 1, 0, 0, 1, 1, 1, 0, 0, 1, 0, 1, 1, 0, 1] 0.8507000207901001 0.6759303566549911