Downloading data from https://storage.googleapis.com/tensorflow/tf-keras-datasets/train-labels-idx1-ubyte.gz
32768/29515 [=================================] - 0s 0us/step
40960/29515 [=========================================] - 0s 0us/step
Downloading data from https://storage.googleapis.com/tensorflow/tf-keras-datasets/train-images-idx3-ubyte.gz
26427392/26421880 [==============================] - 0s 0us/step
26435584/26421880 [==============================] - 0s 0us/step
Downloading data from https://storage.googleapis.com/tensorflow/tf-keras-datasets/t10k-labels-idx1-ubyte.gz
16384/5148 [===============================================================================================] - 0s 0us/step
Downloading data from https://storage.googleapis.com/tensorflow/tf-keras-datasets/t10k-images-idx3-ubyte.gz
4423680/4422102 [==============================] - 0s 0us/step
4431872/4422102 [==============================] - 0s 0us/step
Generation 0 done
0101111100001110101100011100010000001010111001110010110100010101011 0.7906000018119812
Generation 1 done
1100001101000110101110011100010000001010111001110001010000010111011 0.8009999990463257
Generation 2 done
0100100011100111101111000000110100100101011001111001010000101100101 0.8141999840736389
Generation 3 done
0100100011100111101111000000110100100101011001111001010000101100101 0.8141999840736389
Generation 4 done
1100001101000110101100011100010000001010111001110001010000010101011 0.8253999948501587
Generation 5 done
1100001101000110101100011100010000001010111001110001010000010101011 0.8253999948501587
Generation 6 done
1100001101000110101100011100010000001010111001110001010000010101011 0.8253999948501587
Generation 7 done
1100001101000110101100011100010000001010111001110001010000010101011 0.8253999948501587
Generation 8 done
1100001101000110101100011100010000001010111001110001010000010101011 0.8253999948501587
Generation 9 done
[0.7906000018119812, 0.8009999990463257, 0.8141999840736389, 0.8141999840736389, 0.8253999948501587, 0.8253999948501587, 0.8253999948501587, 0.8253999948501587, 0.8253999948501587, 0.8253999948501587]
[1, 1, 0, 0, 0, 0, 1, 1, 0, 1, 0, 0, 0, 1, 1, 0, 1, 0, 1, 1, 0, 0, 0, 1, 1, 1, 0, 0, 0, 1, 0, 0, 0, 0, 0, 0, 1, 0, 1, 0, 1, 1, 1, 0, 0, 1, 1, 1, 0, 0, 0, 1, 0, 1, 0, 0, 0, 0, 0, 1, 0, 1, 0, 1, 0, 1, 1] 0.8253999948501587 0.5132487240704623
Generation 0
1100011011111000011101110000110010010101001100111000101001101010111 0.699999988079071 0.6338181710243226
0100111100000001111101111110111010000111110010000010000001110111011 0.24279999732971191 0.20637999773025512
1100110010101011011010011010111111110001100111110110110101100010011 0.3756999969482422 0.31652724742889404
0000011111010011111110101110111000010111101010010100010100011000101 0.6460000276565552 0.5555600237846374
1100000010100110001011000010100011111011100010001100110000110000110 0.5224999785423279 0.441512481868267
1000100101111011001011100000101110010000010111100010100100000010000 0.05999999865889549 0.05024999887682498
1010110000000000010000111100101000011001110110111111111101110000011 0.19339999556541443 0.19339999556541443
1100100001110011000000111000100000010011000111111010100001011010001 0.07490000128746033 0.06441400110721587
0100001010011111011110110000111111110111111010101001011010000110010 0.03350000083446503 0.02839125070720911
1010000010000111011100000001101110110110100001010000110011000110111 0.1670999974012375 0.1670999974012375
0000101000110000111111100000000111110011011000000111011101000011001 0.05689999833703041 0.05193418030034412
0000001010001010110110011010110110001000011000010010010101010111111 0.10000000149011612 0.09090909226374193
1100101010000110111010001001010011011111011011001001011100111011111 0.675599992275238 0.5708819934725762
1100001101000111110111000000100011010011011001110001010000100111110 0.6184999942779541 0.5645218129591508
0100100011100111101111000000110100101100011001101000101001111100101 0.7813000082969666 0.7131138257546858
1100101100000111000010011100110100100100000010001011000101000110100 0.16609999537467957 0.14160024605691435
0001011111000011001110110100100111000110000101101111000110101001110 0.6035000085830688 0.5970626751581828
0100000010000001100010110001001111111000011110101101100111000001100 0.10000000149011612 0.08325000124052168
1100100110000001111110111001011110011001101111101101110110001010111 0.7343000173568726 0.6094690144062042
0101001100000110111101001000011101011100011010010011101001010010101 0.6953999996185303 0.688445999622345
0101111100001110101100011100010000001010111001110010110100010101011 0.7906000018119812 0.7821669351259867
0101111011000111110010111111110010101000011111000001000010001011111 0.5357000231742859 0.530343022942543
1000100101110011111100101000100000101000011001000110100100010010110 0.3806000053882599 0.34738400491801175
0000101100011111110111110000001111101101010100011100100110101011000 0.10450000315904617 0.09500000287186015
0100000011111011110001010011101111010100001011011100011100101111000 0.23729999363422394 0.20348474454134705
1000001010000101100111111000000111110010011100110011100001010011011 0.19580000638961792 0.17444000569256868
1 0 0 0 0 0 0 0 0 0 0.2727272727272727 0.36363636363636365 0 0.18181818181818182 0.45454545454545453 0 0 0 0 0 0 0 0.36363636363636365 0.36363636363636365 0 0.36363636363636365
0 1 0.3125 0.25 0.3125 0.375 0 0.4375 0.3125 0 0 0 0.3125 0 0 0.5625 0 0.4375 0.1875 0 0 0 0 0 0.25 0
0 0.3125 1 0.3125 0.375 0.5 0 0.4375 0.25 0 0 0 0.25 0 0 0.25 0 0.4375 0.4375 0 0 0 0 0 0.375 0
0 0.25 0.3125 1 0.4375 0.25 0 0.25 0.3125 0 0 0 0.3125 0 0 0.25 0 0.25 0.375 0 0 0 0 0 0.5 0
0 0.3125 0.375 0.4375 1 0.25 0 0.1875 0.4375 0 0 0 0.4375 0 0 0.3125 0 0.4375 0.3125 0 0 0 0 0 0.375 0
0 0.375 0.5 0.25 0.25 1 0 0.5625 0.3125 0 0 0 0.25 0 0 0.375 0 0.375 0.5 0 0 0 0 0 0.3125 0
0 0 0 0 0 0 1 0 0 0 0 0 0 0 0 0 0 0 0 0 0 0 0 0 0 0
0 0.4375 0.4375 0.25 0.1875 0.5625 0 1 0.125 0 0 0 0.25 0 0 0.25 0 0.3125 0.4375 0 0 0 0 0 0.25 0
0 0.3125 0.25 0.3125 0.4375 0.3125 0 0.125 1 0 0 0 0.5 0 0 0.5 0 0.4375 0.375 0 0 0 0 0 0.25 0
0 0 0 0 0 0 0 0 0 1 0 0 0 0 0 0 0 0 0 0 0 0 0 0 0 0
0.2727272727272727 0 0 0 0 0 0 0 0 0 1 0.36363636363636365 0 0.18181818181818182 0.09090909090909091 0 0 0 0 0 0 0 0.45454545454545453 0.45454545454545453 0 0.36363636363636365
0.36363636363636365 0 0 0 0 0 0 0 0 0 0.36363636363636365 1 0 0.45454545454545453 0.18181818181818182 0 0 0 0 0 0 0 0.2727272727272727 0.18181818181818182 0 0.45454545454545453
0 0.3125 0.25 0.3125 0.4375 0.25 0 0.25 0.5 0 0 0 1 0 0 0.4375 0 0.25 0.4375 0 0 0 0 0 0.4375 0
0.18181818181818182 0 0 0 0 0 0 0 0 0 0.18181818181818182 0.45454545454545453 0 1 0.36363636363636365 0 0 0 0 0 0 0 0.2727272727272727 0.18181818181818182 0 0.5454545454545454
0.45454545454545453 0 0 0 0 0 0 0 0 0 0.09090909090909091 0.18181818181818182 0 0.36363636363636365 1 0 0 0 0 0 0 0 0.36363636363636365 0.36363636363636365 0 0.36363636363636365
0 0.5625 0.25 0.25 0.3125 0.375 0 0.25 0.5 0 0 0 0.4375 0 0 1 0 0.4375 0.1875 0 0 0 0 0 0.125 0
0 0 0 0 0 0 0 0 0 0 0 0 0 0 0 0 1 0 0 0 0.26666666666666666 0 0 0 0 0
0 0.4375 0.4375 0.25 0.4375 0.375 0 0.3125 0.4375 0 0 0 0.25 0 0 0.4375 0 1 0.5625 0 0 0 0 0 0.25 0
0 0.1875 0.4375 0.375 0.3125 0.5 0 0.4375 0.375 0 0 0 0.4375 0 0 0.1875 0 0.5625 1 0 0 0 0 0 0.4375 0
0 0 0 0 0 0 0 0 0 0 0 0 0 0 0 0 0 0 0 1 0 0.25 0 0 0 0
0 0 0 0 0 0 0 0 0 0 0 0 0 0 0 0 0.26666666666666666 0 0 0 1 0 0 0 0 0
0 0 0 0 0 0 0 0 0 0 0 0 0 0 0 0 0 0 0 0.25 0 1 0 0 0 0
0.36363636363636365 0 0 0 0 0 0 0 0 0 0.45454545454545453 0.2727272727272727 0 0.2727272727272727 0.36363636363636365 0 0 0 0 0 0 0 1 0.2727272727272727 0 0.18181818181818182
0.36363636363636365 0 0 0 0 0 0 0 0 0 0.45454545454545453 0.18181818181818182 0 0.18181818181818182 0.36363636363636365 0 0 0 0 0 0 0 0.2727272727272727 1 0 0.45454545454545453
0 0.25 0.375 0.5 0.375 0.3125 0 0.25 0.25 0 0 0 0.4375 0 0 0.125 0 0.25 0.4375 0 0 0 0 0 1 0
0.36363636363636365 0 0 0 0 0 0 0 0 0 0.36363636363636365 0.45454545454545453 0 0.5454545454545454 0.36363636363636365 0 0 0 0 0 0 0 0.18181818181818182 0.45454545454545453 0 1
Generation 1
1100001101000110101110011100010000001010111001110001010000010111011 0.8009999990463257 0.6786654537374324
0100011100000111000010011100110100100110000101101101000110101100100 0.7967000007629395 0.68081636428833
0101111100001110101100011100010000001010111001110010110100010101011 0.7906000018119812 0.7505429350535076
0100100011100111101111000000110100101100011001101000101001111100101 0.7813000082969666 0.6221989156983115
0100100010110111000111000000110000001010111001110010110100011101101 0.7652999758720398 0.6317203437198292
1100101100000111000010011100110100100100011001101000101001011100101 0.7646999955177307 0.6201021781834689
0001101111000011001110110110100111100100000010001011000101000011110 0.746999979019165 0.7216019797325134
1100100110000001111110111001011110011001101111101101110110001010111 0.7343000173568726 0.657198515534401
0100100011100111101111000000110000001000011001101000100100010010111 0.7257000207901001 0.5779211074655707
0101111011000111110010111111110010110101001100100001001010001010111 0.7229999899864197 0.6940799903869629
0100000011111011110001010011101011011100001011010001011100111111101 0.711899995803833 0.6211327463388443
0100000011111011110001010011101111010101011001111001010000101111110 0.7103999853134155 0.6096523510326038
1100011011111000011101110000110010010101001100111000101001101010111 0.699999988079071 0.5956363534927368
1100000010100110001011110100110010010101101100110000101001101010111 0.6974999904632568 0.5858999919891357
0101001100000110111101001000011101011100011010010011101001010010101 0.6953999996185303 0.6773195996284485
1100101010000110111010001001010011011111011011001001011100111011111 0.675599992275238 0.5962169931828976
0000011111010011111110101110111000010111101010010100010100011000101 0.6460000276565552 0.5733250245451927
1100011011111000011101000010100011111011000010001100110000110100110 0.637499988079071 0.5562187395989895
0101111101001110001100011100010100111100011001101000101001110100001 0.6158999800682068 0.5830519811312358
0001011111000011001110110100100111000110000101101111000110101001110 0.6035000085830688 0.5809693415959676
1100001101000101110111000001100011010010000011010100011100100111000 0.5703999996185303 0.5048039996623993
1100011011111000011101110000110010100000011111111000100001101011111 0.5697000026702881 0.5155785024166107
0101111011000111110010111111110010101000011111000001000010001011111 0.5357000231742859 0.5207004225254058
1100000010100110001011000010100011111011100010001100110000110000110 0.5224999785423279 0.4624124810099602
1000101101110011111100101000100010101100011001000110101001111100100 0.5174000263214111 0.44026038603349166
1000100101110011111100101000100000101000011001000110100100010010110 0.3806000053882599 0.321088004545732
1 0.5454545454545454 0 0.36363636363636365 0.45454545454545453 0.45454545454545453 0 0 0.36363636363636365 0 0 0.5454545454545454 0.18181818181818182 0.36363636363636365 0 0 0 0 0 0 0 0 0 0 0.2727272727272727 0.2727272727272727
0.5454545454545454 1 0 0.45454545454545453 0.2727272727272727 0.6363636363636364 0 0 0.36363636363636365 0 0 0.36363636363636365 0.18181818181818182 0.18181818181818182 0 0 0 0 0 0 0 0 0 0 0.36363636363636365 0.2727272727272727
0 0 1 0 0 0 0 0 0 0.3333333333333333 0 0 0 0 0 0 0 0 0.6666666666666666 0.26666666666666666 0 0 0 0 0 0
0.36363636363636365 0.45454545454545453 0 1 0.5454545454545454 0.7272727272727273 0 0 0.9090909090909091 0 0 0.36363636363636365 0.45454545454545453 0.5454545454545454 0 0 0 0 0 0 0 0 0 0 0.36363636363636365 0.36363636363636365
0.45454545454545453 0.2727272727272727 0 0.5454545454545454 1 0.45454545454545453 0 0 0.5454545454545454 0 0 0.2727272727272727 0.2727272727272727 0.5454545454545454 0 0 0 0 0 0 0 0 0 0 0.45454545454545453 0.5454545454545454
0.45454545454545453 0.6363636363636364 0 0.7272727272727273 0.45454545454545453 1 0 0 0.6363636363636364 0 0 0.2727272727272727 0.36363636363636365 0.45454545454545453 0 0 0 0 0 0 0 0 0 0 0.45454545454545453 0.2727272727272727
0 0 0 0 0 0 1 0 0 0 0 0 0 0 0.4 0 0 0 0 0 0 0 0.45 0 0 0
0 0 0 0 0 0 0 1 0 0 0.4375 0 0 0 0 0.4375 0.375 0.375 0 0 0.375 0.3125 0 0.3125 0 0
0.36363636363636365 0.36363636363636365 0 0.9090909090909091 0.5454545454545454 0.6363636363636364 0 0 1 0 0 0.36363636363636365 0.5454545454545454 0.6363636363636364 0 0 0 0 0 0 0 0 0 0 0.2727272727272727 0.45454545454545453
0 0 0.3333333333333333 0 0 0 0 0 0 1 0 0 0 0 0 0 0 0 0.3333333333333333 0.3333333333333333 0 0 0 0 0 0
0 0 0 0 0 0 0 0.4375 0 0 1 0 0 0 0 0.625 0.4375 0.4375 0 0 0.5 0.4375 0 0.3125 0 0
0.5454545454545454 0.36363636363636365 0 0.36363636363636365 0.2727272727272727 0.2727272727272727 0 0 0.36363636363636365 0 0 1 0.5454545454545454 0.2727272727272727 0 0 0 0 0 0 0 0 0 0 0.2727272727272727 0.2727272727272727
0.18181818181818182 0.18181818181818182 0 0.45454545454545453 0.2727272727272727 0.36363636363636365 0 0 0.5454545454545454 0 0 0.5454545454545454 1 0.5454545454545454 0 0 0 0 0 0 0 0 0 0 0.2727272727272727 0.36363636363636365
0.36363636363636365 0.18181818181818182 0 0.5454545454545454 0.5454545454545454 0.45454545454545453 0 0 0.6363636363636364 0 0 0.2727272727272727 0.5454545454545454 1 0 0 0 0 0 0 0 0 0 0 0.18181818181818182 0.2727272727272727
0 0 0 0 0 0 0.4 0 0 0 0 0 0 0 1 0 0 0 0 0 0 0 0.25 0 0 0
0 0 0 0 0 0 0 0.4375 0 0 0.625 0 0 0 0 1 0.3125 0.3125 0 0 0.5 0.3125 0 0.4375 0 0
0 0 0 0 0 0 0 0.375 0 0 0.4375 0 0 0 0 0.3125 1 0.5 0 0 0.4375 0.3125 0 0.4375 0 0
0 0 0 0 0 0 0 0.375 0 0 0.4375 0 0 0 0 0.3125 0.5 1 0 0 0.375 0.5 0 0.6875 0 0
0 0 0.6666666666666666 0 0 0 0 0 0 0.3333333333333333 0 0 0 0 0 0 0 0 1 0.3333333333333333 0 0 0 0 0 0
0 0 0.26666666666666666 0 0 0 0 0 0 0.3333333333333333 0 0 0 0 0 0 0 0 0.3333333333333333 1 0 0 0 0 0 0
0 0 0 0 0 0 0 0.375 0 0 0.5 0 0 0 0 0.5 0.4375 0.375 0 0 1 0.25 0 0.4375 0 0
0 0 0 0 0 0 0 0.3125 0 0 0.4375 0 0 0 0 0.3125 0.3125 0.5 0 0 0.25 1 0 0.25 0 0
0 0 0 0 0 0 0.45 0 0 0 0 0 0 0 0.25 0 0 0 0 0 0 0 1 0 0 0
0 0 0 0 0 0 0 0.3125 0 0 0.3125 0 0 0 0 0.4375 0.4375 0.6875 0 0 0.4375 0.25 0 1 0 0
0.2727272727272727 0.36363636363636365 0 0.36363636363636365 0.45454545454545453 0.45454545454545453 0 0 0.2727272727272727 0 0 0.2727272727272727 0.2727272727272727 0.18181818181818182 0 0 0 0 0 0 0 0 0 0 1 0.8181818181818182
0.2727272727272727 0.2727272727272727 0 0.36363636363636365 0.5454545454545454 0.2727272727272727 0 0 0.45454545454545453 0 0 0.2727272727272727 0.36363636363636365 0.2727272727272727 0 0 0 0 0 0 0 0 0 0 0.8181818181818182 1
Generation 2
0100100011100111101111000000110100100101011001111001010000101100101 0.8141999840736389 0.5536559891700745
0100011100000111000010011100110100100110000101101101000100010100100 0.8033000230789185 0.5842181986028498
1100001101000110101110011100010000001010111001110001010000010111011 0.8009999990463257 0.5679818175055764
0101111100001110101100011100010000001010111001110010110100010101011 0.7906000018119812 0.7800586684544881
1000100101110011111100101000101000101110000101101100000110100100110 0.7889000177383423 0.5794829221205279
0100100011100111101111000000110100101100011001101000101001111100101 0.7813000082969666 0.5085552781278436
0100100010110111000111000000110000001010111001110010110100011101101 0.7652999758720398 0.564930527643724
1100101100000111000010011100110100100100011001101000101001011100101 0.7646999955177307 0.5172152696956288
1100011011111000011101110000110010100000011110111000100001000011111 0.7605000138282776 0.7376850134134293
0001101111000011001110110110110100100100000010001011000110100101100 0.7567999958992004 0.7219871960878372
0001101111000011001110110110100111100100000010001011000101000011110 0.746999979019165 0.7111439800262451
1100101100000111000010011100110100100000011001101000110001011000111 0.7408999800682068 0.5118945316834884
1100100110000001111110111001011110011001101111101101110110001010111 0.7343000173568726 0.7012565165758132
0100100011100111101111000000110000001000011001101000100100010010111 0.7257000207901001 0.47500364997170186
0101111011000111110010111111110010110101001100100001001010001010111 0.7229999899864197 0.7133599901199341
0100000011111011110001010011101111011100011001101000101001111111110 0.7123000025749207 0.4869541835784912
0100000011111011110001010011101011011100001011010001011100111111101 0.711899995803833 0.6727454960346222
0100000011111011110001010011101111010101011001111001010000101111110 0.7103999853134155 0.5063214440779252
1100011011111000011101110000110010010101001100111000101001101010111 0.699999988079071 0.531999990940094
1100000010100110001011110100110010010101101100110000101001101010111 0.6974999904632568 0.5199545383453369
0100111100100111000010011110100111100110000101101101000101001010110 0.6959999799728394 0.5112436216527766
0101001100000110111101001000011101011100011010010011101001010010101 0.6953999996185303 0.6745379996299743
1100101010000110111010001001010011011111011011001001011100111011111 0.675599992275238 0.6418199926614762
1100001101001011110001010011111111010101011001110001011000101111110 0.671999990940094 0.49850181146101524
0100000011110110101110011100000000001010111001111001010000010111011 0.6590999960899353 0.45777490637519147
1100100110000001110100011101010100111100011001101000101110011110101 0.6528000235557556 0.4605207438902422
1 0.5454545454545454 0.5454545454545454 0 0.45454545454545453 0.7272727272727273 0.45454545454545453 0.45454545454545453 0 0 0 0.36363636363636365 0 0.6363636363636364 0 0.36363636363636365 0 0.6363636363636364 0.36363636363636365 0.36363636363636365 0.5454545454545454 0 0 0.45454545454545453 0.7272727272727273 0.36363636363636365
0.5454545454545454 1 0.5454545454545454 0 0.5454545454545454 0.45454545454545453 0.2727272727272727 0.6363636363636364 0 0 0 0.5454545454545454 0 0.36363636363636365 0 0.2727272727272727 0 0.36363636363636365 0.18181818181818182 0.18181818181818182 0.7272727272727273 0 0 0.36363636363636365 0.45454545454545453 0.36363636363636365
0.5454545454545454 0.5454545454545454 1 0 0.36363636363636365 0.36363636363636365 0.45454545454545453 0.45454545454545453 0 0 0 0.45454545454545453 0 0.36363636363636365 0 0.36363636363636365 0 0.5454545454545454 0.18181818181818182 0.36363636363636365 0.45454545454545453 0 0 0.8181818181818182 0.6363636363636364 0.36363636363636365
0 0 0 1 0 0 0 0 0 0 0 0 0 0 0.3333333333333333 0 0 0 0 0 0 0 0 0 0 0
0.45454545454545453 0.5454545454545454 0.36363636363636365 0 1 0.5454545454545454 0.36363636363636365 0.45454545454545453 0 0 0 0.36363636363636365 0 0.45454545454545453 0 0.45454545454545453 0 0.36363636363636365 0.2727272727272727 0.18181818181818182 0.45454545454545453 0 0 0.45454545454545453 0.36363636363636365 0.5454545454545454
0.7272727272727273 0.45454545454545453 0.36363636363636365 0 0.5454545454545454 1 0.5454545454545454 0.7272727272727273 0 0 0 0.6363636363636364 0 0.9090909090909091 0 0.6363636363636364 0 0.36363636363636365 0.45454545454545453 0.5454545454545454 0.45454545454545453 0 0 0.2727272727272727 0.45454545454545453 0.6363636363636364
0.45454545454545453 0.2727272727272727 0.45454545454545453 0 0.36363636363636365 0.5454545454545454 1 0.45454545454545453 0 0 0 0.45454545454545453 0 0.5454545454545454 0 0.36363636363636365 0 0.2727272727272727 0.2727272727272727 0.5454545454545454 0.2727272727272727 0 0 0.36363636363636365 0.45454545454545453 0.45454545454545453
0.45454545454545453 0.6363636363636364 0.45454545454545453 0 0.45454545454545453 0.7272727272727273 0.45454545454545453 1 0 0 0 0.9090909090909091 0 0.6363636363636364 0 0.5454545454545454 0 0.2727272727272727 0.36363636363636365 0.45454545454545453 0.45454545454545453 0 0 0.2727272727272727 0.36363636363636365 0.6363636363636364
0 0 0 0 0 0 0 0 1 0 0 0 0.25 0 0 0 0.3125 0 0 0 0 0 0.1875 0 0 0
0 0 0 0 0 0 0 0 0 1 0.8 0 0 0 0 0 0 0 0 0 0 0.35 0 0 0 0
0 0 0 0 0 0 0 0 0 0.8 1 0 0 0 0 0 0 0 0 0 0 0.4 0 0 0 0
0.36363636363636365 0.5454545454545454 0.45454545454545453 0 0.36363636363636365 0.6363636363636364 0.45454545454545453 0.9090909090909091 0 0 0 1 0 0.6363636363636364 0 0.5454545454545454 0 0.2727272727272727 0.36363636363636365 0.45454545454545453 0.45454545454545453 0 0 0.2727272727272727 0.36363636363636365 0.6363636363636364
0 0 0 0 0 0 0 0 0.25 0 0 0 1 0 0 0 0.4375 0 0 0 0 0 0.4375 0 0 0
0.6363636363636364 0.36363636363636365 0.36363636363636365 0 0.45454545454545453 0.9090909090909091 0.5454545454545454 0.6363636363636364 0 0 0 0.6363636363636364 0 1 0 0.6363636363636364 0 0.36363636363636365 0.5454545454545454 0.6363636363636364 0.5454545454545454 0 0 0.2727272727272727 0.45454545454545453 0.6363636363636364
0 0 0 0.3333333333333333 0 0 0 0 0 0 0 0 0 0 1 0 0 0 0 0 0 0 0 0 0 0
0.36363636363636365 0.2727272727272727 0.36363636363636365 0 0.45454545454545453 0.6363636363636364 0.36363636363636365 0.5454545454545454 0 0 0 0.5454545454545454 0 0.6363636363636364 0 1 0 0.7272727272727273 0.6363636363636364 0.45454545454545453 0.2727272727272727 0 0 0.45454545454545453 0.5454545454545454 0.6363636363636364
0 0 0 0 0 0 0 0 0.3125 0 0 0 0.4375 0 0 0 1 0 0 0 0 0 0.625 0 0 0
0.6363636363636364 0.36363636363636365 0.5454545454545454 0 0.36363636363636365 0.36363636363636365 0.2727272727272727 0.2727272727272727 0 0 0 0.2727272727272727 0 0.36363636363636365 0 0.7272727272727273 0 1 0.5454545454545454 0.2727272727272727 0.36363636363636365 0 0 0.6363636363636364 0.8181818181818182 0.36363636363636365
0.36363636363636365 0.18181818181818182 0.18181818181818182 0 0.2727272727272727 0.45454545454545453 0.2727272727272727 0.36363636363636365 0 0 0 0.36363636363636365 0 0.5454545454545454 0 0.6363636363636364 0 0.5454545454545454 1 0.5454545454545454 0.18181818181818182 0 0 0.2727272727272727 0.36363636363636365 0.45454545454545453
0.36363636363636365 0.18181818181818182 0.36363636363636365 0 0.18181818181818182 0.5454545454545454 0.5454545454545454 0.45454545454545453 0 0 0 0.45454545454545453 0 0.6363636363636364 0 0.45454545454545453 0 0.2727272727272727 0.5454545454545454 1 0.36363636363636365 0 0 0.2727272727272727 0.36363636363636365 0.36363636363636365
0.5454545454545454 0.7272727272727273 0.45454545454545453 0 0.45454545454545453 0.45454545454545453 0.2727272727272727 0.45454545454545453 0 0 0 0.45454545454545453 0 0.5454545454545454 0 0.2727272727272727 0 0.36363636363636365 0.18181818181818182 0.36363636363636365 1 0 0 0.36363636363636365 0.45454545454545453 0.2727272727272727
0 0 0 0 0 0 0 0 0 0.35 0.4 0 0 0 0 0 0 0 0 0 0 1 0 0 0 0
0 0 0 0 0 0 0 0 0.1875 0 0 0 0.4375 0 0 0 0.625 0 0 0 0 0 1 0 0 0
0.45454545454545453 0.36363636363636365 0.8181818181818182 0 0.45454545454545453 0.2727272727272727 0.36363636363636365 0.2727272727272727 0 0 0 0.2727272727272727 0 0.2727272727272727 0 0.45454545454545453 0 0.6363636363636364 0.2727272727272727 0.2727272727272727 0.36363636363636365 0 0 1 0.5454545454545454 0.36363636363636365
0.7272727272727273 0.45454545454545453 0.6363636363636364 0 0.36363636363636365 0.45454545454545453 0.45454545454545453 0.36363636363636365 0 0 0 0.36363636363636365 0 0.45454545454545453 0 0.5454545454545454 0 0.8181818181818182 0.36363636363636365 0.36363636363636365 0.45454545454545453 0 0 0.5454545454545454 1 0.2727272727272727
0.36363636363636365 0.36363636363636365 0.36363636363636365 0 0.5454545454545454 0.6363636363636364 0.45454545454545453 0.6363636363636364 0 0 0 0.6363636363636364 0 0.6363636363636364 0 0.6363636363636364 0 0.36363636363636365 0.45454545454545453 0.36363636363636365 0.2727272727272727 0 0 0.36363636363636365 0.2727272727272727 1
Generation 3
0100100011100111101111000000110100100101011001111001010000101100101 0.8141999840736389 0.6039883518218995
0100011100000111000010011100110100100110000101101101000100010100100 0.8033000230789185 0.5842181986028498
0101111100001110101100011100010000001010111001110011010100100101011 0.8030999898910522 0.762409590403239
1100001101000110101110011100010000001010111001110001010000010111011 0.8009999990463257 0.6029345447366887
0100011110000001111110111001011110011001100101101101000110010000111 0.7919999957084656 0.6163199966604059
0101111100001110101100011100010000001010111001110010110100010101011 0.7906000018119812 0.7526512017250061
1000100101110011111100101000101000101110000101101100000110100100110 0.7889000177383423 0.6053014681556008
0100100011100111101111000000110100101100011001101000101001111100101 0.7813000082969666 0.5568538240952925
1100011011111000011101110110110100100000011110001011000110100011111 0.7782999873161316 0.7393849879503249
0100100010110111000111010000110000001010111001110010110100011100111 0.7781000137329102 0.585697101246227
0001101111000010111101000110100111100100011010001011000101000011110 0.7742000222206116 0.693683219909668
0100100010110111000111000000110000001010111001110010110100011101101 0.7652999758720398 0.5899767086722635
1100101100000111000010011100110100100100011001101000101001011100101 0.7646999955177307 0.5450225422599099
1100011011111000011101110000110010100000011110111000100001000011111 0.7605000138282776 0.7129687629640102
0001101111000011001110110110110100100100000010001011000110100101100 0.7567999958992004 0.67203839635849
1001101111000011001110110000110010100100000010111100100001000101100 0.7567999958992004 0.6826335963010788
0001101111000011001110110110100111100100000010001011000101000011110 0.746999979019165 0.6528779816627502
1100011011111000011111100000110000001000011001101000100100000010111 0.7437000274658203 0.5733251120827415
0001101111000011001010110110100111100100000010001011000101010111100 0.7421000003814697 0.6560164003372192
1100101100000111000010011100110100100000011001101000110001011000111 0.7408999800682068 0.5361421673948115
0101111111000111110010111111111011011101001100100001011010001010111 0.7397000193595886 0.7180021521250407
1100001101000110101110011100010100010101111001110001010000111011110 0.7386000156402588 0.5559643754092131
1100100110000001111110111001011110011001101111101101110110001010111 0.7343000173568726 0.7122710168361663
0100100011100111101101110000110010000000011110111000100001010010111 0.7324000000953674 0.6939490000903606
0100100011100111101111000000110000001000011001101000100100010010111 0.7257000207901001 0.527781833301891
0100011100000111000010011100110100101110000101101101000100000000110 0.7232999801635742 0.5339268944480203
1 0.5454545454545454 0 0.5454545454545454 0.36363636363636365 0 0.45454545454545453 0.7272727272727273 0 0.5454545454545454 0 0.45454545454545453 0.45454545454545453 0 0 0 0 0.36363636363636365 0 0.36363636363636365 0 0.5454545454545454 0 0 0.6363636363636364 0.45454545454545453
0.5454545454545454 1 0 0.5454545454545454 0.7272727272727273 0 0.5454545454545454 0.45454545454545453 0 0.36363636363636365 0 0.2727272727272727 0.6363636363636364 0 0 0 0 0.36363636363636365 0 0.5454545454545454 0 0.5454545454545454 0 0 0.36363636363636365 0.9090909090909091
0 0 1 0 0 0.8666666666666667 0 0 0 0 0 0 0 0 0 0 0 0 0 0 0.4 0 0 0 0 0
0.5454545454545454 0.5454545454545454 0 1 0.45454545454545453 0 0.36363636363636365 0.36363636363636365 0 0.45454545454545453 0 0.45454545454545453 0.45454545454545453 0 0 0 0 0.2727272727272727 0 0.45454545454545453 0 0.9090909090909091 0 0 0.36363636363636365 0.5454545454545454
0.36363636363636365 0.7272727272727273 0 0.45454545454545453 1 0 0.5454545454545454 0.2727272727272727 0 0.18181818181818182 0 0.18181818181818182 0.36363636363636365 0 0 0 0 0.45454545454545453 0 0.45454545454545453 0 0.45454545454545453 0 0 0.2727272727272727 0.8181818181818182
0 0 0.8666666666666667 0 0 1 0 0 0 0 0 0 0 0 0 0 0 0 0 0 0.3333333333333333 0 0 0 0 0
0.45454545454545453 0.5454545454545454 0 0.36363636363636365 0.5454545454545454 0 1 0.5454545454545454 0 0.45454545454545453 0 0.36363636363636365 0.45454545454545453 0 0 0 0 0.45454545454545453 0 0.36363636363636365 0 0.36363636363636365 0 0 0.45454545454545453 0.45454545454545453
0.7272727272727273 0.45454545454545453 0 0.36363636363636365 0.2727272727272727 0 0.5454545454545454 1 0 0.6363636363636364 0 0.5454545454545454 0.7272727272727273 0 0 0 0 0.6363636363636364 0 0.6363636363636364 0 0.36363636363636365 0 0 0.9090909090909091 0.36363636363636365
0 0 0 0 0 0 0 0 1 0 0 0 0 0.625 0 0 0 0 0 0 0 0 0.25 0.375 0 0
0.5454545454545454 0.36363636363636365 0 0.45454545454545453 0.18181818181818182 0 0.45454545454545453 0.6363636363636364 0 1 0 0.9090909090909091 0.5454545454545454 0 0 0 0 0.36363636363636365 0 0.45454545454545453 0 0.45454545454545453 0 0 0.5454545454545454 0.2727272727272727
0 0 0 0 0 0 0 0 0 0 1 0 0 0 0.6 0.5 0.8 0 0.7 0 0 0 0 0 0 0
0.45454545454545453 0.2727272727272727 0 0.45454545454545453 0.18181818181818182 0 0.36363636363636365 0.5454545454545454 0 0.9090909090909091 0 1 0.45454545454545453 0 0 0 0 0.36363636363636365 0 0.45454545454545453 0 0.45454545454545453 0 0 0.5454545454545454 0.2727272727272727
0.45454545454545453 0.6363636363636364 0 0.45454545454545453 0.36363636363636365 0 0.45454545454545453 0.7272727272727273 0 0.5454545454545454 0 0.45454545454545453 1 0 0 0 0 0.5454545454545454 0 0.9090909090909091 0 0.45454545454545453 0 0 0.6363636363636364 0.5454545454545454
0 0 0 0 0 0 0 0 0.625 0 0 0 0 1 0 0 0 0 0 0 0 0 0.25 0.6875 0 0
0 0 0 0 0 0 0 0 0 0 0.6 0 0 0 1 0.65 0.8 0 0.75 0 0 0 0 0 0 0
0 0 0 0 0 0 0 0 0 0 0.5 0 0 0 0.65 1 0.7 0 0.6 0 0 0 0 0 0 0
0 0 0 0 0 0 0 0 0 0 0.8 0 0 0 0.8 0.7 1 0 0.85 0 0 0 0 0 0 0
0.36363636363636365 0.36363636363636365 0 0.2727272727272727 0.45454545454545453 0 0.45454545454545453 0.6363636363636364 0 0.36363636363636365 0 0.36363636363636365 0.5454545454545454 0 0 0 0 1 0 0.5454545454545454 0 0.2727272727272727 0 0 0.7272727272727273 0.36363636363636365
0 0 0 0 0 0 0 0 0 0 0.7 0 0 0 0.75 0.6 0.85 0 1 0 0 0 0 0 0 0
0.36363636363636365 0.5454545454545454 0 0.45454545454545453 0.45454545454545453 0 0.36363636363636365 0.6363636363636364 0 0.45454545454545453 0 0.45454545454545453 0.9090909090909091 0 0 0 0 0.5454545454545454 0 1 0 0.45454545454545453 0 0 0.6363636363636364 0.6363636363636364
0 0 0.4 0 0 0.3333333333333333 0 0 0 0 0 0 0 0 0 0 0 0 0 0 1 0 0 0 0 0
0.5454545454545454 0.5454545454545454 0 0.9090909090909091 0.45454545454545453 0 0.36363636363636365 0.36363636363636365 0 0.45454545454545453 0 0.45454545454545453 0.45454545454545453 0 0 0 0 0.2727272727272727 0 0.45454545454545453 0 1 0 0 0.36363636363636365 0.5454545454545454
0 0 0 0 0 0 0 0 0.25 0 0 0 0 0.25 0 0 0 0 0 0 0 0 1 0.25 0 0
0 0 0 0 0 0 0 0 0.375 0 0 0 0 0.6875 0 0 0 0 0 0 0 0 0.25 1 0 0
0.6363636363636364 0.36363636363636365 0 0.36363636363636365 0.2727272727272727 0 0.45454545454545453 0.9090909090909091 0 0.5454545454545454 0 0.5454545454545454 0.6363636363636364 0 0 0 0 0.7272727272727273 0 0.6363636363636364 0 0.36363636363636365 0 0 1 0.36363636363636365
0.45454545454545453 0.9090909090909091 0 0.5454545454545454 0.8181818181818182 0 0.45454545454545453 0.36363636363636365 0 0.2727272727272727 0 0.2727272727272727 0.5454545454545454 0 0 0 0 0.36363636363636365 0 0.6363636363636364 0 0.5454545454545454 0 0 0.36363636363636365 1
Generation 4
1100001101000110101100011100010000001010111001110001010000010101011 0.8253999948501587 0.6062938143990257
0100100011100111101111000000110100100101011001111001010000101100101 0.8141999840736389 0.6158312606811523
0100100101110011111100101000101000101110000101101100000110101100110 0.8069000244140625 0.6103098366477273
0100011100000111000010011100110100100110000101101101000100010100100 0.8033000230789185 0.5666916526447643
0101111100001110101100011100010000001010111001110011010100100101011 0.8030999898910522 0.6938783912658691
1100001101000110101110011100010000001010111001110001010000010111011 0.8009999990463257 0.5971090901981702
1100101100000111000010011100110100100000011001101000001111011000111 0.7954999804496765 0.5727599859237671
0000011100000111000010111100110100100110000101101101000101010101100 0.7940999865531921 0.5659767176888205
0100011110000001111110111001011110011001100101101101000110010000111 0.7919999957084656 0.5903999968008562
0100011110000001111110111001011110011001100101101101110000010000111 0.791100025177002 0.6012360191345215
0101111100001110101100011100010000001010111001110010110100010101011 0.7906000018119812 0.6809701348940531
1000101111000011001100101000101000101110000101101100000110100101110 0.782800018787384 0.5920814687555487
0101111111000111110010111111111011011101001101110010110100010101011 0.7818999886512756 0.6922421232859294
0100100011100111101111000000110100101100011001101000101001111100101 0.7813000082969666 0.5852647334879094
1100011011111000011101110110110100100000011110001011000110100011111 0.7782999873161316 0.71019873842597
0100100010110111000111010000110000001010111001110010110100011100111 0.7781000137329102 0.6026738288185813
0101111111000111110010101111111011011101001100100001011001001010111 0.7754999995231628 0.7196639995574952
1100011011111000011101110000110010100000011110111000100010000011111 0.7742999792098999 0.7065487310290336
0001101111000010111101000110100111100100011010001011000101000011110 0.7742000222206116 0.7602644218206406
1100011011111000011101110110110100100000011110001011000101100011111 0.7732999920845032 0.7056362427771091
0100100010110111000111000000110000001010111001110010110100011101101 0.7652999758720398 0.5983254356817767
1100101100000111000010011100110100100100011001101000101001011100101 0.7646999955177307 0.5533647240291942
0101111100001110101110011110010000001010111001110011010000110111011 0.7634999752044678 0.6678079783121745
0001101111000011001100011100010000001010111011110010110101110111010 0.7609999775886536 0.7473019779920578
1100011011111000011101110000110010100000011110111000100001000011111 0.7605000138282776 0.6939562626183032
0101111100001110101100011100010001001010111001110010100100010001111 0.7597000002861023 0.658406666914622
1 0.5454545454545454 0.36363636363636365 0.5454545454545454 0 0.9090909090909091 0.5454545454545454 0.6363636363636364 0.45454545454545453 0.36363636363636365 0 0.45454545454545453 0 0.36363636363636365 0 0.45454545454545453 0 0 0 0 0.5454545454545454 0.45454545454545453 0 0 0 0
0.5454545454545454 1 0.45454545454545453 0.5454545454545454 0 0.5454545454545454 0.45454545454545453 0.45454545454545453 0.36363636363636365 0.2727272727272727 0 0.2727272727272727 0 0.7272727272727273 0 0.5454545454545454 0 0 0 0 0.45454545454545453 0.45454545454545453 0 0 0 0
0.36363636363636365 0.45454545454545453 1 0.5454545454545454 0 0.36363636363636365 0.45454545454545453 0.45454545454545453 0.5454545454545454 0.45454545454545453 0 0.6363636363636364 0 0.5454545454545454 0 0.45454545454545453 0 0 0 0 0.36363636363636365 0.45454545454545453 0 0 0 0
0.5454545454545454 0.5454545454545454 0.5454545454545454 1 0 0.5454545454545454 0.6363636363636364 0.9090909090909091 0.7272727272727273 0.6363636363636364 0 0.5454545454545454 0 0.45454545454545453 0 0.36363636363636365 0 0 0 0 0.2727272727272727 0.6363636363636364 0 0 0 0
0 0 0 0 1 0 0 0 0 0 0.8666666666666667 0 0.5333333333333333 0 0 0 0.3333333333333333 0 0 0 0 0 0.8666666666666667 0 0 0.8
0.9090909090909091 0.5454545454545454 0.36363636363636365 0.5454545454545454 0 1 0.5454545454545454 0.5454545454545454 0.45454545454545453 0.36363636363636365 0 0.36363636363636365 0 0.36363636363636365 0 0.45454545454545453 0 0 0 0 0.45454545454545453 0.45454545454545453 0 0 0 0
0.5454545454545454 0.45454545454545453 0.45454545454545453 0.6363636363636364 0 0.5454545454545454 1 0.6363636363636364 0.5454545454545454 0.45454545454545453 0 0.6363636363636364 0 0.5454545454545454 0 0.36363636363636365 0 0 0 0 0.36363636363636365 0.8181818181818182 0 0 0 0
0.6363636363636364 0.45454545454545453 0.45454545454545453 0.9090909090909091 0 0.5454545454545454 0.6363636363636364 1 0.7272727272727273 0.6363636363636364 0 0.6363636363636364 0 0.36363636363636365 0 0.2727272727272727 0 0 0 0 0.36363636363636365 0.5454545454545454 0 0 0 0
0.45454545454545453 0.36363636363636365 0.5454545454545454 0.7272727272727273 0 0.45454545454545453 0.5454545454545454 0.7272727272727273 1 0.9090909090909091 0 0.6363636363636364 0 0.2727272727272727 0 0.18181818181818182 0 0 0 0 0.18181818181818182 0.36363636363636365 0 0 0 0
0.36363636363636365 0.2727272727272727 0.45454545454545453 0.6363636363636364 0 0.36363636363636365 0.45454545454545453 0.6363636363636364 0.9090909090909091 1 0 0.5454545454545454 0 0.36363636363636365 0 0.2727272727272727 0 0 0 0 0.2727272727272727 0.45454545454545453 0 0 0 0
0 0 0 0 0.8666666666666667 0 0 0 0 0 1 0 0.6666666666666666 0 0 0 0.26666666666666666 0 0 0 0 0 0.7333333333333333 0 0 0.9333333333333333
0.45454545454545453 0.2727272727272727 0.6363636363636364 0.5454545454545454 0 0.36363636363636365 0.6363636363636364 0.6363636363636364 0.6363636363636364 0.5454545454545454 0 1 0 0.36363636363636365 0 0.18181818181818182 0 0 0 0 0.2727272727272727 0.5454545454545454 0 0 0 0
0 0 0 0 0.5333333333333333 0 0 0 0 0 0.6666666666666666 0 1 0 0 0 0.6 0 0 0 0 0 0.4666666666666667 0 0 0.6
0.36363636363636365 0.7272727272727273 0.5454545454545454 0.45454545454545453 0 0.36363636363636365 0.5454545454545454 0.36363636363636365 0.2727272727272727 0.36363636363636365 0 0.36363636363636365 0 1 0 0.6363636363636364 0 0 0 0 0.5454545454545454 0.7272727272727273 0 0 0 0
0 0 0 0 0 0 0 0 0 0 0 0 0 0 1 0 0 0.6875 0 0.875 0 0 0 0 0.625 0
0.45454545454545453 0.5454545454545454 0.45454545454545453 0.36363636363636365 0 0.45454545454545453 0.36363636363636365 0.2727272727272727 0.18181818181818182 0.2727272727272727 0 0.18181818181818182 0 0.6363636363636364 0 1 0 0 0 0 0.9090909090909091 0.5454545454545454 0 0 0 0
0 0 0 0 0.3333333333333333 0 0 0 0 0 0.26666666666666666 0 0.6 0 0 0 1 0 0 0 0 0 0.3333333333333333 0 0 0.26666666666666666
0 0 0 0 0 0 0 0 0 0 0 0 0 0 0.6875 0 0 1 0 0.625 0 0 0 0 0.875 0
0 0 0 0 0 0 0 0 0 0 0 0 0 0 0 0 0 0 1 0 0 0 0 0.45 0 0
0 0 0 0 0 0 0 0 0 0 0 0 0 0 0.875 0 0 0.625 0 1 0 0 0 0 0.6875 0
0.5454545454545454 0.45454545454545453 0.36363636363636365 0.2727272727272727 0 0.45454545454545453 0.36363636363636365 0.36363636363636365 0.18181818181818182 0.2727272727272727 0 0.2727272727272727 0 0.5454545454545454 0 0.9090909090909091 0 0 0 0 1 0.45454545454545453 0 0 0 0
0.45454545454545453 0.45454545454545453 0.45454545454545453 0.6363636363636364 0 0.45454545454545453 0.8181818181818182 0.5454545454545454 0.36363636363636365 0.45454545454545453 0 0.5454545454545454 0 0.7272727272727273 0 0.5454545454545454 0 0 0 0 0.45454545454545453 1 0 0 0 0
0 0 0 0 0.8666666666666667 0 0 0 0 0 0.7333333333333333 0 0.4666666666666667 0 0 0 0.3333333333333333 0 0 0 0 0 1 0 0 0.7333333333333333
0 0 0 0 0 0 0 0 0 0 0 0 0 0 0 0 0 0 0.45 0 0 0 0 1 0 0
0 0 0 0 0 0 0 0 0 0 0 0 0 0 0.625 0 0 0.875 0 0.6875 0 0 0 0 1 0
0 0 0 0 0.8 0 0 0 0 0 0.9333333333333333 0 0.6 0 0 0 0.26666666666666666 0 0 0 0 0 0.7333333333333333 0 0 1
Generation 5
1100001101000110101100011100010000001010111001110001010000010101011 0.8253999948501587 0.5732778146050194
0100100011100111101111000000110100100101011001111001010000101100101 0.8141999840736389 0.5891847157478333
0100100101110011111100101000101000101110000101101100000110101100110 0.8069000244140625 0.5897705632990057
0100011100000111000010011100110100100110000101101101000100010100100 0.8033000230789185 0.5374807427146219
0101111100001110101100011100010000001010111001110011010100100101011 0.8030999898910522 0.7195775909423828
1100001101000110101110011100010000001010111001110001010000010111011 0.8009999990463257 0.5679818175055765
1100101100000111000010011100110100100000011001101000001111011000111 0.7954999804496765 0.5322618051008745
0000011100000111000010111100110100100110000101101101000101010101100 0.7940999865531921 0.5371003545414318
0100011110000001111110111001011110011001100101101101000110010000111 0.7919999957084656 0.5731199968944897
0001101111000011001100011100010000001010111011110110110101010011110 0.7911999821662903 0.7769583824872971
0100011110000001111110111001011110011001100101101101110000010000111 0.791100025177002 0.5782222002202815
0101111100001110101100011100010000001010111001110010110100010101011 0.7906000018119812 0.7104858682950338
1000101111000011001100101000101000101110000101101100000110100101110 0.782800018787384 0.5636160135269166
0101111111000111110010111111111011011101001101110010110100010101011 0.7818999886512756 0.71100772301356
0100100011100111101111000000110100101100011001101000101001111100101 0.7813000082969666 0.5483305512775075
1100011011111000011101110110110100100000011110001011000110100011111 0.7782999873161316 0.7296562381088734
0100100010110111000111010000110000001010111001110010110100011100111 0.7781000137329102 0.5658909190784801
0101111111000111110010101111111011011101001100100001011001001010111 0.7754999995231628 0.7279359995524088
1100011011111000011101110000110010100000011110111000100010000011111 0.7742999792098999 0.7336492303013802
0001101111000010111101000110100111100100011010001011000101000011110 0.7742000222206116 0.7602644218206406
1100011011111000011101110110110100100000011110001011000101100011111 0.7732999920845032 0.726901992559433
1100101100001110101100011100110000001010111001110010110100010101011 0.7681999802589417 0.5614843492074446
1100101000000111000010011100110100100000011001101000110101110100011 0.7678999900817871 0.5193796296553178
0100100010110111000111000000110000001010111001110010110100011101101 0.7652999758720398 0.562147618640553
1100101100000111000010011100110100100100011001101000101001011100101 0.7646999955177307 0.5060923606699164
0101111100001110101110011110010000001010111001110011010000110111011 0.7634999752044678 0.6902039775848389
1 0.5454545454545454 0.36363636363636365 0.5454545454545454 0 0.9090909090909091 0.5454545454545454 0.6363636363636364 0.45454545454545453 0 0.36363636363636365 0 0.45454545454545453 0 0.36363636363636365 0 0.45454545454545453 0 0 0 0 0.5454545454545454 0.45454545454545453 0.5454545454545454 0.45454545454545453 0
0.5454545454545454 1 0.45454545454545453 0.5454545454545454 0 0.5454545454545454 0.45454545454545453 0.45454545454545453 0.36363636363636365 0 0.2727272727272727 0 0.2727272727272727 0 0.7272727272727273 0 0.5454545454545454 0 0 0 0 0.36363636363636365 0.45454545454545453 0.45454545454545453 0.45454545454545453 0
0.36363636363636365 0.45454545454545453 1 0.5454545454545454 0 0.36363636363636365 0.45454545454545453 0.45454545454545453 0.5454545454545454 0 0.45454545454545453 0 0.6363636363636364 0 0.5454545454545454 0 0.45454545454545453 0 0 0 0 0.18181818181818182 0.45454545454545453 0.36363636363636365 0.45454545454545453 0
0.5454545454545454 0.5454545454545454 0.5454545454545454 1 0 0.5454545454545454 0.6363636363636364 0.9090909090909091 0.7272727272727273 0 0.6363636363636364 0 0.5454545454545454 0 0.45454545454545453 0 0.36363636363636365 0 0 0 0 0.36363636363636365 0.5454545454545454 0.2727272727272727 0.6363636363636364 0
0 0 0 0 1 0 0 0 0 0 0 0.8666666666666667 0 0.5333333333333333 0 0 0 0.3333333333333333 0 0 0 0 0 0 0 0.8666666666666667
0.9090909090909091 0.5454545454545454 0.36363636363636365 0.5454545454545454 0 1 0.5454545454545454 0.5454545454545454 0.45454545454545453 0 0.36363636363636365 0 0.36363636363636365 0 0.36363636363636365 0 0.45454545454545453 0 0 0 0 0.45454545454545453 0.45454545454545453 0.45454545454545453 0.45454545454545453 0
0.5454545454545454 0.45454545454545453 0.45454545454545453 0.6363636363636364 0 0.5454545454545454 1 0.6363636363636364 0.5454545454545454 0 0.45454545454545453 0 0.6363636363636364 0 0.5454545454545454 0 0.36363636363636365 0 0 0 0 0.5454545454545454 0.7272727272727273 0.36363636363636365 0.8181818181818182 0
0.6363636363636364 0.45454545454545453 0.45454545454545453 0.9090909090909091 0 0.5454545454545454 0.6363636363636364 1 0.7272727272727273 0 0.6363636363636364 0 0.6363636363636364 0 0.36363636363636365 0 0.2727272727272727 0 0 0 0 0.45454545454545453 0.45454545454545453 0.36363636363636365 0.5454545454545454 0
0.45454545454545453 0.36363636363636365 0.5454545454545454 0.7272727272727273 0 0.45454545454545453 0.5454545454545454 0.7272727272727273 1 0 0.9090909090909091 0 0.6363636363636364 0 0.2727272727272727 0 0.18181818181818182 0 0 0 0 0.18181818181818182 0.36363636363636365 0.18181818181818182 0.36363636363636365 0
0 0 0 0 0 0 0 0 0 1 0 0 0 0 0 0 0 0 0 0.45 0 0 0 0 0 0
0.36363636363636365 0.2727272727272727 0.45454545454545453 0.6363636363636364 0 0.36363636363636365 0.45454545454545453 0.6363636363636364 0.9090909090909091 0 1 0 0.5454545454545454 0 0.36363636363636365 0 0.2727272727272727 0 0 0 0 0.2727272727272727 0.45454545454545453 0.2727272727272727 0.45454545454545453 0
0 0 0 0 0.8666666666666667 0 0 0 0 0 0 1 0 0.6666666666666666 0 0 0 0.26666666666666666 0 0 0 0 0 0 0 0.7333333333333333
0.45454545454545453 0.2727272727272727 0.6363636363636364 0.5454545454545454 0 0.36363636363636365 0.6363636363636364 0.6363636363636364 0.6363636363636364 0 0.5454545454545454 0 1 0 0.36363636363636365 0 0.18181818181818182 0 0 0 0 0.36363636363636365 0.5454545454545454 0.2727272727272727 0.5454545454545454 0
0 0 0 0 0.5333333333333333 0 0 0 0 0 0 0.6666666666666666 0 1 0 0 0 0.6 0 0 0 0 0 0 0 0.4666666666666667
0.36363636363636365 0.7272727272727273 0.5454545454545454 0.45454545454545453 0 0.36363636363636365 0.5454545454545454 0.36363636363636365 0.2727272727272727 0 0.36363636363636365 0 0.36363636363636365 0 1 0 0.6363636363636364 0 0 0 0 0.45454545454545453 0.7272727272727273 0.5454545454545454 0.7272727272727273 0
0 0 0 0 0 0 0 0 0 0 0 0 0 0 0 1 0 0 0.6875 0 0.875 0 0 0 0 0
0.45454545454545453 0.5454545454545454 0.45454545454545453 0.36363636363636365 0 0.45454545454545453 0.36363636363636365 0.2727272727272727 0.18181818181818182 0 0.2727272727272727 0 0.18181818181818182 0 0.6363636363636364 0 1 0 0 0 0 0.6363636363636364 0.5454545454545454 0.9090909090909091 0.5454545454545454 0
0 0 0 0 0.3333333333333333 0 0 0 0 0 0 0.26666666666666666 0 0.6 0 0 0 1 0 0 0 0 0 0 0 0.3333333333333333
0 0 0 0 0 0 0 0 0 0 0 0 0 0 0 0.6875 0 0 1 0 0.625 0 0 0 0 0
0 0 0 0 0 0 0 0 0 0.45 0 0 0 0 0 0 0 0 0 1 0 0 0 0 0 0
0 0 0 0 0 0 0 0 0 0 0 0 0 0 0 0.875 0 0 0.625 0 1 0 0 0 0 0
0.5454545454545454 0.36363636363636365 0.18181818181818182 0.36363636363636365 0 0.45454545454545453 0.5454545454545454 0.45454545454545453 0.18181818181818182 0 0.2727272727272727 0 0.36363636363636365 0 0.45454545454545453 0 0.6363636363636364 0 0 0 0 1 0.5454545454545454 0.7272727272727273 0.6363636363636364 0
0.45454545454545453 0.45454545454545453 0.45454545454545453 0.5454545454545454 0 0.45454545454545453 0.7272727272727273 0.45454545454545453 0.36363636363636365 0 0.45454545454545453 0 0.5454545454545454 0 0.7272727272727273 0 0.5454545454545454 0 0 0 0 0.5454545454545454 1 0.45454545454545453 0.9090909090909091 0
0.5454545454545454 0.45454545454545453 0.36363636363636365 0.2727272727272727 0 0.45454545454545453 0.36363636363636365 0.36363636363636365 0.18181818181818182 0 0.2727272727272727 0 0.2727272727272727 0 0.5454545454545454 0 0.9090909090909091 0 0 0 0 0.7272727272727273 0.45454545454545453 1 0.45454545454545453 0
0.45454545454545453 0.45454545454545453 0.45454545454545453 0.6363636363636364 0 0.45454545454545453 0.8181818181818182 0.5454545454545454 0.36363636363636365 0 0.45454545454545453 0 0.5454545454545454 0 0.7272727272727273 0 0.5454545454545454 0 0 0 0 0.6363636363636364 0.9090909090909091 0.45454545454545453 1 0
0 0 0 0 0.8666666666666667 0 0 0 0 0 0 0.7333333333333333 0 0.4666666666666667 0 0 0 0.3333333333333333 0 0 0 0 0 0 0 1
Generation 6
1100001101000110101100011100010000001010111001110001010000010101011 0.8253999948501587 0.5822821781852029
0100100011100111101111000000110100100101011001111001010000101100101 0.8141999840736389 0.58622398853302
1100101100000111101111000000110100100101010001111001010001011100101 0.8082000017166138 0.5613316375559027
0100100101110011111100101000101000101110000101101100000110101100110 0.8069000244140625 0.5839021994850853
0101111100001110101100011100110100001010000101110010110100010101011 0.8040000200271606 0.7353920183181762
0100011100000111000010011100110100100110000101101101000100010100100 0.8033000230789185 0.5316385607285934
0101111100001110101100011100010000001010111001110011010100100101011 0.8030999898910522 0.7345687907536824
1100001101000110101110011100010000001010111001110001010000010111011 0.8009999990463257 0.5738072720440953
1100101100000111000010011100110100100000011001101000001111011000111 0.7954999804496765 0.555403622713956
0000011100000111000010111100110100100110000101101101000101010101100 0.7940999865531921 0.531325081911954
0100011110000001111110111001011110011001100101101101000110010000111 0.7919999957084656 0.5471999970349398
0001101111000011001100011100010000001010111011110110110101010011110 0.7911999821662903 0.7769583824872971
0100011110000001111110111001011110011001100101101101110000010000111 0.791100025177002 0.5580851086703215
1000101111000011001100101000101000101110000101101100000110100101110 0.782800018787384 0.5636160135269166
0100011110110111000111000000110000001010111001110110110100011101101 0.7824000120162964 0.5917789181795987
0101111111000111110010111111111011011101001101110010110100010101011 0.7818999886512756 0.7047525231043498
0100100011100111101111000000110100101100011001101000101001111100101 0.7813000082969666 0.5682181878523394
1100011011111000011101110110110100100000011110001011000110100011111 0.7782999873161316 0.7296562381088734
0100100010110111000111010000110000001010111001110010110100011100111 0.7781000137329102 0.5885265558416193
0101111111000111110010101111111011011101001100100001011001001010111 0.7754999995231628 0.7134599995613099
0100100010000001111110111001011110011001100101101101110000000010111 0.7746000289916992 0.5577120208740235
1100011011111000011101110000110010100000011110111000100010000011111 0.7742999792098999 0.7336492303013802
0001101111000010111101000110100111100100011010001011000101000011110 0.7742000222206116 0.7602644218206406
1100011011111000011101110110110100100000011110001011000101100011111 0.7732999920845032 0.726901992559433
1100011011111000011101110010110010101000011001111000100010000011111 0.7731000185012817 0.6044236508282748
0101111111000111110010101111111011011101001001101001011001110100011 0.7724000215530396 0.704428819656372
1 0.5454545454545454 0.6363636363636364 0.36363636363636365 0 0.5454545454545454 0 0.9090909090909091 0.5454545454545454 0.6363636363636364 0.45454545454545453 0 0.36363636363636365 0.45454545454545453 0.45454545454545453 0 0.36363636363636365 0 0.45454545454545453 0 0.36363636363636365 0 0 0 0.2727272727272727 0
0.5454545454545454 1 0.7272727272727273 0.45454545454545453 0 0.5454545454545454 0 0.5454545454545454 0.45454545454545453 0.45454545454545453 0.36363636363636365 0 0.2727272727272727 0.2727272727272727 0.2727272727272727 0 0.7272727272727273 0 0.5454545454545454 0 0.36363636363636365 0 0 0 0.45454545454545453 0
0.6363636363636364 0.7272727272727273 1 0.36363636363636365 0 0.7272727272727273 0 0.6363636363636364 0.7272727272727273 0.6363636363636364 0.45454545454545453 0 0.36363636363636365 0.45454545454545453 0.2727272727272727 0 0.45454545454545453 0 0.45454545454545453 0 0.36363636363636365 0 0 0 0.36363636363636365 0
0.36363636363636365 0.45454545454545453 0.36363636363636365 1 0 0.5454545454545454 0 0.36363636363636365 0.45454545454545453 0.45454545454545453 0.5454545454545454 0 0.45454545454545453 0.6363636363636364 0.36363636363636365 0 0.5454545454545454 0 0.45454545454545453 0 0.5454545454545454 0 0 0 0.36363636363636365 0
0 0 0 0 1 0 0.8666666666666667 0 0 0 0 0 0 0 0 0.6666666666666666 0 0 0 0.26666666666666666 0 0 0 0 0 0.3333333333333333
0.5454545454545454 0.5454545454545454 0.7272727272727273 0.5454545454545454 0 1 0 0.5454545454545454 0.6363636363636364 0.9090909090909091 0.7272727272727273 0 0.6363636363636364 0.5454545454545454 0.45454545454545453 0 0.45454545454545453 0 0.36363636363636365 0 0.5454545454545454 0 0 0 0.2727272727272727 0
0 0 0 0 0.8666666666666667 0 1 0 0 0 0 0 0 0 0 0.5333333333333333 0 0 0 0.3333333333333333 0 0 0 0 0 0.4
0.9090909090909091 0.5454545454545454 0.6363636363636364 0.36363636363636365 0 0.5454545454545454 0 1 0.5454545454545454 0.5454545454545454 0.45454545454545453 0 0.36363636363636365 0.36363636363636365 0.36363636363636365 0 0.36363636363636365 0 0.45454545454545453 0 0.36363636363636365 0 0 0 0.2727272727272727 0
0.5454545454545454 0.45454545454545453 0.7272727272727273 0.45454545454545453 0 0.6363636363636364 0 0.5454545454545454 1 0.6363636363636364 0.5454545454545454 0 0.45454545454545453 0.6363636363636364 0.2727272727272727 0 0.5454545454545454 0 0.36363636363636365 0 0.36363636363636365 0 0 0 0.36363636363636365 0
0.6363636363636364 0.45454545454545453 0.6363636363636364 0.45454545454545453 0 0.9090909090909091 0 0.5454545454545454 0.6363636363636364 1 0.7272727272727273 0 0.6363636363636364 0.6363636363636364 0.5454545454545454 0 0.36363636363636365 0 0.2727272727272727 0 0.5454545454545454 0 0 0 0.2727272727272727 0
0.45454545454545453 0.36363636363636365 0.45454545454545453 0.5454545454545454 0 0.7272727272727273 0 0.45454545454545453 0.5454545454545454 0.7272727272727273 1 0 0.9090909090909091 0.6363636363636364 0.45454545454545453 0 0.2727272727272727 0 0.18181818181818182 0 0.6363636363636364 0 0 0 0.36363636363636365 0
0 0 0 0 0 0 0 0 0 0 0 1 0 0 0 0 0 0 0 0 0 0 0.45 0 0 0
0.36363636363636365 0.2727272727272727 0.36363636363636365 0.45454545454545453 0 0.6363636363636364 0 0.36363636363636365 0.45454545454545453 0.6363636363636364 0.9090909090909091 0 1 0.5454545454545454 0.5454545454545454 0 0.36363636363636365 0 0.2727272727272727 0 0.7272727272727273 0 0 0 0.45454545454545453 0
0.45454545454545453 0.2727272727272727 0.45454545454545453 0.6363636363636364 0 0.5454545454545454 0 0.36363636363636365 0.6363636363636364 0.6363636363636364 0.6363636363636364 0 0.5454545454545454 1 0.36363636363636365 0 0.36363636363636365 0 0.18181818181818182 0 0.5454545454545454 0 0 0 0.36363636363636365 0
0.45454545454545453 0.2727272727272727 0.2727272727272727 0.36363636363636365 0 0.45454545454545453 0 0.36363636363636365 0.2727272727272727 0.5454545454545454 0.45454545454545453 0 0.5454545454545454 0.36363636363636365 1 0 0.36363636363636365 0 0.6363636363636364 0 0.36363636363636365 0 0 0 0.36363636363636365 0
0 0 0 0 0.6666666666666666 0 0.5333333333333333 0 0 0 0 0 0 0 0 1 0 0 0 0.6 0 0 0 0 0 0.6666666666666666
0.36363636363636365 0.7272727272727273 0.45454545454545453 0.5454545454545454 0 0.45454545454545453 0 0.36363636363636365 0.5454545454545454 0.36363636363636365 0.2727272727272727 0 0.36363636363636365 0.36363636363636365 0.36363636363636365 0 1 0 0.6363636363636364 0 0.45454545454545453 0 0 0 0.5454545454545454 0
0 0 0 0 0 0 0 0 0 0 0 0 0 0 0 0 0 1 0 0 0 0.6875 0 0.875 0 0
0.45454545454545453 0.5454545454545454 0.45454545454545453 0.45454545454545453 0 0.36363636363636365 0 0.45454545454545453 0.36363636363636365 0.2727272727272727 0.18181818181818182 0 0.2727272727272727 0.18181818181818182 0.6363636363636364 0 0.6363636363636364 0 1 0 0.45454545454545453 0 0 0 0.36363636363636365 0
0 0 0 0 0.26666666666666666 0 0.3333333333333333 0 0 0 0 0 0 0 0 0.6 0 0 0 1 0 0 0 0 0 0.8
0.36363636363636365 0.36363636363636365 0.36363636363636365 0.5454545454545454 0 0.5454545454545454 0 0.36363636363636365 0.36363636363636365 0.5454545454545454 0.6363636363636364 0 0.7272727272727273 0.5454545454545454 0.36363636363636365 0 0.45454545454545453 0 0.45454545454545453 0 1 0 0 0 0.36363636363636365 0
0 0 0 0 0 0 0 0 0 0 0 0 0 0 0 0 0 0.6875 0 0 0 1 0 0.625 0 0
0 0 0 0 0 0 0 0 0 0 0 0.45 0 0 0 0 0 0 0 0 0 0 1 0 0 0
0 0 0 0 0 0 0 0 0 0 0 0 0 0 0 0 0 0.875 0 0 0 0.625 0 1 0 0
0.2727272727272727 0.45454545454545453 0.36363636363636365 0.36363636363636365 0 0.2727272727272727 0 0.2727272727272727 0.36363636363636365 0.2727272727272727 0.36363636363636365 0 0.45454545454545453 0.36363636363636365 0.36363636363636365 0 0.5454545454545454 0 0.36363636363636365 0 0.36363636363636365 0 0 0 1 0
0 0 0 0 0.3333333333333333 0 0.4 0 0 0 0 0 0 0 0 0.6666666666666666 0 0 0 0.8 0 0 0 0 0 1
Generation 7
1100001101000110101100011100010000001010111001110001010000010101011 0.8253999948501587 0.5462647238644687
0100100011100111101111000000110100100101011001111001010000101100101 0.8141999840736389 0.5506952619552613
1100101100100111101111000000110100100101010001111001010101011100101 0.8131999969482422 0.5381905434348366
1100101100000111101111000000110100100101010001111001010001011100101 0.8082000017166138 0.51137018290433
0100100101110011111100101000101000101110000101101100000110101100110 0.8069000244140625 0.5750996537642045
0101111100001110101100011100110100001010000101110010110100010101011 0.8040000200271606 0.7096640176773071
0100011100000111000010011100110100100110000101101101000100010100100 0.8033000230789185 0.5024276507984508
0101111100001110101100011100010000001010111001110011010100100101011 0.8030999898910522 0.7110111910502116
1100001101000110101110011100010000001010111001110001010000010111011 0.8009999990463257 0.5388545448129828
1100101110000111101111000000110100100101010001111001010001011100101 0.7986000180244446 0.5052960114045577
1100101100000111000010011100110100100000011001101000001111011000111 0.7954999804496765 0.5177981690926985
0000011100000111000010111100110100100110000101101101000101010101100 0.7940999865531921 0.5082239913940428
0100011110000001111110111001011110011001100101101101000110010000111 0.7919999957084656 0.5270399971441789
0001101111000011001100011100010000001010111011110110110101010011110 0.7911999821662903 0.7611343828439713
0100011110000001111110111001011110011001100101101101110000010000111 0.791100025177002 0.5523316539417614
0101111100001110101100011101010000001010111001111101110100100101011 0.7861999869346619 0.7044351882934571
1000101111000011001100101000101000101110000101101100000110100101110 0.782800018787384 0.5493832859126004
0100011110110111000111000000110000001010111001110110110100011101101 0.7824000120162964 0.5860887362740256
0101111111000111110010111111111011011101001101110010110100010101011 0.7818999886512756 0.690157056649526
0100100011100111101111000000110100101100011001101000101001111100101 0.7813000082969666 0.5568538240952926
0101111111000111110010101111111011011101001001101001011001110100011 0.7799999713897705 0.7009599742889405
0001101111000011001100011100010000001010111011110110110001010011110 0.7786999940872192 0.7491093943119049
1100011011111000011101110110110100100000011110001011000110100011111 0.7782999873161316 0.7782999873161316
0100100010110111000111010000110000001010111001110010110100011100111 0.7781000137329102 0.5772087374600497
0100001110000001111110111000011110011001100101101011010000010000111 0.7781000137329102 0.5404258277199485
0101111111000111110010101111111011011101001100100001011001001010111 0.7754999995231628 0.7051879995663961
1 0.5454545454545454 0.5454545454545454 0.6363636363636364 0.36363636363636365 0 0.5454545454545454 0 0.9090909090909091 0.6363636363636364 0.5454545454545454 0.6363636363636364 0.45454545454545453 0 0.36363636363636365 0 0.45454545454545453 0.45454545454545453 0 0.36363636363636365 0 0 0 0.45454545454545453 0.5454545454545454 0
0.5454545454545454 1 0.8181818181818182 0.7272727272727273 0.45454545454545453 0 0.5454545454545454 0 0.5454545454545454 0.7272727272727273 0.45454545454545453 0.45454545454545453 0.36363636363636365 0 0.2727272727272727 0 0.2727272727272727 0.2727272727272727 0 0.7272727272727273 0 0 0 0.5454545454545454 0.36363636363636365 0
0.5454545454545454 0.8181818181818182 1 0.9090909090909091 0.36363636363636365 0 0.6363636363636364 0 0.5454545454545454 0.8181818181818182 0.6363636363636364 0.5454545454545454 0.36363636363636365 0 0.2727272727272727 0 0.36363636363636365 0.2727272727272727 0 0.5454545454545454 0 0 0 0.45454545454545453 0.36363636363636365 0
0.6363636363636364 0.7272727272727273 0.9090909090909091 1 0.36363636363636365 0 0.7272727272727273 0 0.6363636363636364 0.9090909090909091 0.7272727272727273 0.6363636363636364 0.45454545454545453 0 0.36363636363636365 0 0.45454545454545453 0.2727272727272727 0 0.45454545454545453 0 0 0 0.45454545454545453 0.45454545454545453 0
0.36363636363636365 0.45454545454545453 0.36363636363636365 0.36363636363636365 1 0 0.5454545454545454 0 0.36363636363636365 0.36363636363636365 0.45454545454545453 0.45454545454545453 0.5454545454545454 0 0.45454545454545453 0 0.6363636363636364 0.36363636363636365 0 0.5454545454545454 0 0 0 0.45454545454545453 0.45454545454545453 0
0 0 0 0 0 1 0 0.8666666666666667 0 0 0 0 0 0 0 0.8 0 0 0.6666666666666666 0 0.3333333333333333 0 0 0 0 0.26666666666666666
0.5454545454545454 0.5454545454545454 0.6363636363636364 0.7272727272727273 0.5454545454545454 0 1 0 0.5454545454545454 0.6363636363636364 0.6363636363636364 0.9090909090909091 0.7272727272727273 0 0.6363636363636364 0 0.5454545454545454 0.45454545454545453 0 0.45454545454545453 0 0 0 0.36363636363636365 0.45454545454545453 0
0 0 0 0 0 0.8666666666666667 0 1 0 0 0 0 0 0 0 0.7333333333333333 0 0 0.5333333333333333 0 0.4 0 0 0 0 0.3333333333333333
0.9090909090909091 0.5454545454545454 0.5454545454545454 0.6363636363636364 0.36363636363636365 0 0.5454545454545454 0 1 0.6363636363636364 0.5454545454545454 0.5454545454545454 0.45454545454545453 0 0.36363636363636365 0 0.36363636363636365 0.36363636363636365 0 0.36363636363636365 0 0 0 0.45454545454545453 0.5454545454545454 0
0.6363636363636364 0.7272727272727273 0.8181818181818182 0.9090909090909091 0.36363636363636365 0 0.6363636363636364 0 0.6363636363636364 1 0.6363636363636364 0.5454545454545454 0.5454545454545454 0 0.45454545454545453 0 0.45454545454545453 0.36363636363636365 0 0.45454545454545453 0 0 0 0.45454545454545453 0.5454545454545454 0
0.5454545454545454 0.45454545454545453 0.6363636363636364 0.7272727272727273 0.45454545454545453 0 0.6363636363636364 0 0.5454545454545454 0.6363636363636364 1 0.6363636363636364 0.5454545454545454 0 0.45454545454545453 0 0.6363636363636364 0.2727272727272727 0 0.5454545454545454 0 0 0 0.36363636363636365 0.6363636363636364 0
0.6363636363636364 0.45454545454545453 0.5454545454545454 0.6363636363636364 0.45454545454545453 0 0.9090909090909091 0 0.5454545454545454 0.5454545454545454 0.6363636363636364 1 0.7272727272727273 0 0.6363636363636364 0 0.6363636363636364 0.5454545454545454 0 0.36363636363636365 0 0 0 0.2727272727272727 0.45454545454545453 0
0.45454545454545453 0.36363636363636365 0.36363636363636365 0.45454545454545453 0.5454545454545454 0 0.7272727272727273 0 0.45454545454545453 0.5454545454545454 0.5454545454545454 0.7272727272727273 1 0 0.9090909090909091 0 0.6363636363636364 0.45454545454545453 0 0.2727272727272727 0 0 0 0.18181818181818182 0.7272727272727273 0
0 0 0 0 0 0 0 0 0 0 0 0 0 1 0 0 0 0 0 0 0 0.95 0 0 0 0
0.36363636363636365 0.2727272727272727 0.2727272727272727 0.36363636363636365 0.45454545454545453 0 0.6363636363636364 0 0.36363636363636365 0.45454545454545453 0.45454545454545453 0.6363636363636364 0.9090909090909091 0 1 0 0.5454545454545454 0.5454545454545454 0 0.36363636363636365 0 0 0 0.2727272727272727 0.6363636363636364 0
0 0 0 0 0 0.8 0 0.7333333333333333 0 0 0 0 0 0 0 1 0 0 0.4666666666666667 0 0.3333333333333333 0 0 0 0 0.26666666666666666
0.45454545454545453 0.2727272727272727 0.36363636363636365 0.45454545454545453 0.6363636363636364 0 0.5454545454545454 0 0.36363636363636365 0.45454545454545453 0.6363636363636364 0.6363636363636364 0.6363636363636364 0 0.5454545454545454 0 1 0.36363636363636365 0 0.36363636363636365 0 0 0 0.18181818181818182 0.5454545454545454 0
0.45454545454545453 0.2727272727272727 0.2727272727272727 0.2727272727272727 0.36363636363636365 0 0.45454545454545453 0 0.36363636363636365 0.36363636363636365 0.2727272727272727 0.5454545454545454 0.45454545454545453 0 0.5454545454545454 0 0.36363636363636365 1 0 0.36363636363636365 0 0 0 0.6363636363636364 0.2727272727272727 0
0 0 0 0 0 0.6666666666666666 0 0.5333333333333333 0 0 0 0 0 0 0 0.4666666666666667 0 0 1 0 0.6666666666666666 0 0 0 0 0.6
0.36363636363636365 0.7272727272727273 0.5454545454545454 0.45454545454545453 0.5454545454545454 0 0.45454545454545453 0 0.36363636363636365 0.45454545454545453 0.5454545454545454 0.36363636363636365 0.2727272727272727 0 0.36363636363636365 0 0.36363636363636365 0.36363636363636365 0 1 0 0 0 0.6363636363636364 0.36363636363636365 0
0 0 0 0 0 0.3333333333333333 0 0.4 0 0 0 0 0 0 0 0.3333333333333333 0 0 0.6666666666666666 0 1 0 0 0 0 0.8
0 0 0 0 0 0 0 0 0 0 0 0 0 0.95 0 0 0 0 0 0 0 1 0 0 0 0
0 0 0 0 0 0 0 0 0 0 0 0 0 0 0 0 0 0 0 0 0 0 1 0 0 0
0.45454545454545453 0.5454545454545454 0.45454545454545453 0.45454545454545453 0.45454545454545453 0 0.36363636363636365 0 0.45454545454545453 0.45454545454545453 0.36363636363636365 0.2727272727272727 0.18181818181818182 0 0.2727272727272727 0 0.18181818181818182 0.6363636363636364 0 0.6363636363636364 0 0 0 1 0.2727272727272727 0
0.5454545454545454 0.36363636363636365 0.36363636363636365 0.45454545454545453 0.45454545454545453 0 0.45454545454545453 0 0.5454545454545454 0.5454545454545454 0.6363636363636364 0.45454545454545453 0.7272727272727273 0 0.6363636363636364 0 0.5454545454545454 0.2727272727272727 0 0.36363636363636365 0 0 0 0.2727272727272727 1 0
0 0 0 0 0 0.26666666666666666 0 0.3333333333333333 0 0 0 0 0 0 0 0.26666666666666666 0 0 0.6 0 0.8 0 0 0 0 1
Generation 8
1100001101000110101100011100010000001010111001110001010000010101011 0.8253999948501587 0.5162501785971901
0100100011100111101111000000110100100101011001111001010000101100101 0.8141999840736389 0.5329308986663819
1100101100100111101111000000110100100101010001111001010101011100101 0.8131999969482422 0.5086196344549005
1100101100000111101111000000110100100101010001111001010001011100101 0.8082000017166138 0.47610327373851424
0100100101110011111100101000101000101110000101101100000110101100110 0.8069000244140625 0.5604287442294035
0101111100001110101100011100110100001010000101110010110100010101011 0.8040000200271606 0.7182400178909302
0100011100000111000010011100110100100110000101101101000100010100100 0.8033000230789185 0.458611285903237
0101111100001110101100011100010000001010111001110011010100100101011 0.8030999898910522 0.7217191909154257
1100001101000110101110011100010000001010111001110001010000010111011 0.8009999990463257 0.515552726658908
1100101110000111101111000000110100100101010001111001010001011100101 0.7986000180244446 0.47625601074912327
1100101100000111000010011100110100100000011001101000001111011000111 0.7954999804496765 0.49465635147961706
1100101101000110101110011100101000101110000101101101010000001101110 0.794700026512146 0.46237092451615763
0000011100000111000010111100110100100110000101101101000101010101100 0.7940999865531921 0.45913417404348195
0100011110000001111110111001011110011001100101101101000110010000111 0.7919999957084656 0.501119997284629
0001101111000011001100011100010000001010111011110110110101010011110 0.7911999821662903 0.7611343828439713
0100011110000001111110111001011110011001100101101101110000010000111 0.791100025177002 0.5350712897560813
1100101100000111101111011101010000001010111001111101010000100101011 0.786300003528595 0.463202183896845
0101111100001110101100011101010000001010111001111101110100100101011 0.7861999869346619 0.7128213214874267
1000101111000011001100101000101000101110000101101100000110100101110 0.782800018787384 0.5123781941153787
0100011110110111000111000000110000001010111001110110110100011101101 0.7824000120162964 0.5661730996045199
0101111111000111110010111111111011011101001101110010110100010101011 0.7818999886512756 0.7089226563771567
0100100011100111101111000000110100101100011001101000101001111100101 0.7813000082969666 0.5568538240952926
0101111111000111110010101111111011011101001001101001011001110100011 0.7799999713897705 0.7259199733734131
0100011111000111110010101111111010001010111001110110010100010100111 0.7799000144004822 0.4991360092163087
0001101111000011001100011100010000001010111011110110110001010011110 0.7786999940872192 0.7491093943119049
1100011011111000011101110110110100100000011110001011000110100011111 0.7782999873161316 0.7782999873161316
1 0.5454545454545454 0.5454545454545454 0.6363636363636364 0.36363636363636365 0 0.5454545454545454 0 0.9090909090909091 0.6363636363636364 0.5454545454545454 0.7272727272727273 0.6363636363636364 0.45454545454545453 0 0.36363636363636365 0.6363636363636364 0 0.45454545454545453 0.45454545454545453 0 0.36363636363636365 0 0.5454545454545454 0 0
0.5454545454545454 1 0.8181818181818182 0.7272727272727273 0.45454545454545453 0 0.5454545454545454 0 0.5454545454545454 0.7272727272727273 0.45454545454545453 0.45454545454545453 0.45454545454545453 0.36363636363636365 0 0.2727272727272727 0.5454545454545454 0 0.2727272727272727 0.2727272727272727 0 0.7272727272727273 0 0.45454545454545453 0 0
0.5454545454545454 0.8181818181818182 1 0.9090909090909091 0.36363636363636365 0 0.6363636363636364 0 0.5454545454545454 0.8181818181818182 0.6363636363636364 0.5454545454545454 0.5454545454545454 0.36363636363636365 0 0.2727272727272727 0.7272727272727273 0 0.36363636363636365 0.2727272727272727 0 0.5454545454545454 0 0.45454545454545453 0 0
0.6363636363636364 0.7272727272727273 0.9090909090909091 1 0.36363636363636365 0 0.7272727272727273 0 0.6363636363636364 0.9090909090909091 0.7272727272727273 0.6363636363636364 0.6363636363636364 0.45454545454545453 0 0.36363636363636365 0.8181818181818182 0 0.45454545454545453 0.2727272727272727 0 0.45454545454545453 0 0.5454545454545454 0 0
0.36363636363636365 0.45454545454545453 0.36363636363636365 0.36363636363636365 1 0 0.5454545454545454 0 0.36363636363636365 0.36363636363636365 0.45454545454545453 0.5454545454545454 0.45454545454545453 0.5454545454545454 0 0.45454545454545453 0.36363636363636365 0 0.6363636363636364 0.36363636363636365 0 0.5454545454545454 0 0.45454545454545453 0 0
0 0 0 0 0 1 0 0.8666666666666667 0 0 0 0 0 0 0 0 0 0.8 0 0 0.6666666666666666 0 0.3333333333333333 0 0 0
0.5454545454545454 0.5454545454545454 0.6363636363636364 0.7272727272727273 0.5454545454545454 0 1 0 0.5454545454545454 0.6363636363636364 0.6363636363636364 0.7272727272727273 0.9090909090909091 0.7272727272727273 0 0.6363636363636364 0.7272727272727273 0 0.5454545454545454 0.45454545454545453 0 0.45454545454545453 0 0.7272727272727273 0 0
0 0 0 0 0 0.8666666666666667 0 1 0 0 0 0 0 0 0 0 0 0.7333333333333333 0 0 0.5333333333333333 0 0.4 0 0 0
0.9090909090909091 0.5454545454545454 0.5454545454545454 0.6363636363636364 0.36363636363636365 0 0.5454545454545454 0 1 0.6363636363636364 0.5454545454545454 0.6363636363636364 0.5454545454545454 0.45454545454545453 0 0.36363636363636365 0.5454545454545454 0 0.36363636363636365 0.36363636363636365 0 0.36363636363636365 0 0.5454545454545454 0 0
0.6363636363636364 0.7272727272727273 0.8181818181818182 0.9090909090909091 0.36363636363636365 0 0.6363636363636364 0 0.6363636363636364 1 0.6363636363636364 0.6363636363636364 0.5454545454545454 0.5454545454545454 0 0.45454545454545453 0.7272727272727273 0 0.45454545454545453 0.36363636363636365 0 0.45454545454545453 0 0.5454545454545454 0 0
0.5454545454545454 0.45454545454545453 0.6363636363636364 0.7272727272727273 0.45454545454545453 0 0.6363636363636364 0 0.5454545454545454 0.6363636363636364 1 0.6363636363636364 0.6363636363636364 0.5454545454545454 0 0.45454545454545453 0.6363636363636364 0 0.6363636363636364 0.2727272727272727 0 0.5454545454545454 0 0.45454545454545453 0 0
0.7272727272727273 0.45454545454545453 0.5454545454545454 0.6363636363636364 0.5454545454545454 0 0.7272727272727273 0 0.6363636363636364 0.6363636363636364 0.6363636363636364 1 0.8181818181818182 0.6363636363636364 0 0.5454545454545454 0.8181818181818182 0 0.7272727272727273 0.45454545454545453 0 0.36363636363636365 0 0.5454545454545454 0 0
0.6363636363636364 0.45454545454545453 0.5454545454545454 0.6363636363636364 0.45454545454545453 0 0.9090909090909091 0 0.5454545454545454 0.5454545454545454 0.6363636363636364 0.8181818181818182 1 0.7272727272727273 0 0.6363636363636364 0.8181818181818182 0 0.6363636363636364 0.5454545454545454 0 0.36363636363636365 0 0.6363636363636364 0 0
0.45454545454545453 0.36363636363636365 0.36363636363636365 0.45454545454545453 0.5454545454545454 0 0.7272727272727273 0 0.45454545454545453 0.5454545454545454 0.5454545454545454 0.6363636363636364 0.7272727272727273 1 0 0.9090909090909091 0.5454545454545454 0 0.6363636363636364 0.45454545454545453 0 0.2727272727272727 0 0.5454545454545454 0 0
0 0 0 0 0 0 0 0 0 0 0 0 0 0 1 0 0 0 0 0 0 0 0 0 0.95 0
0.36363636363636365 0.2727272727272727 0.2727272727272727 0.36363636363636365 0.45454545454545453 0 0.6363636363636364 0 0.36363636363636365 0.45454545454545453 0.45454545454545453 0.5454545454545454 0.6363636363636364 0.9090909090909091 0 1 0.45454545454545453 0 0.5454545454545454 0.5454545454545454 0 0.36363636363636365 0 0.45454545454545453 0 0
0.6363636363636364 0.5454545454545454 0.7272727272727273 0.8181818181818182 0.36363636363636365 0 0.7272727272727273 0 0.5454545454545454 0.7272727272727273 0.6363636363636364 0.8181818181818182 0.8181818181818182 0.5454545454545454 0 0.45454545454545453 1 0 0.6363636363636364 0.45454545454545453 0 0.2727272727272727 0 0.5454545454545454 0 0
0 0 0 0 0 0.8 0 0.7333333333333333 0 0 0 0 0 0 0 0 0 1 0 0 0.4666666666666667 0 0.3333333333333333 0 0 0
0.45454545454545453 0.2727272727272727 0.36363636363636365 0.45454545454545453 0.6363636363636364 0 0.5454545454545454 0 0.36363636363636365 0.45454545454545453 0.6363636363636364 0.7272727272727273 0.6363636363636364 0.6363636363636364 0 0.5454545454545454 0.6363636363636364 0 1 0.36363636363636365 0 0.36363636363636365 0 0.5454545454545454 0 0
0.45454545454545453 0.2727272727272727 0.2727272727272727 0.2727272727272727 0.36363636363636365 0 0.45454545454545453 0 0.36363636363636365 0.36363636363636365 0.2727272727272727 0.45454545454545453 0.5454545454545454 0.45454545454545453 0 0.5454545454545454 0.45454545454545453 0 0.36363636363636365 1 0 0.36363636363636365 0 0.6363636363636364 0 0
0 0 0 0 0 0.6666666666666666 0 0.5333333333333333 0 0 0 0 0 0 0 0 0 0.4666666666666667 0 0 1 0 0.6666666666666666 0 0 0
0.36363636363636365 0.7272727272727273 0.5454545454545454 0.45454545454545453 0.5454545454545454 0 0.45454545454545453 0 0.36363636363636365 0.45454545454545453 0.5454545454545454 0.36363636363636365 0.36363636363636365 0.2727272727272727 0 0.36363636363636365 0.2727272727272727 0 0.36363636363636365 0.36363636363636365 0 1 0 0.36363636363636365 0 0
0 0 0 0 0 0.3333333333333333 0 0.4 0 0 0 0 0 0 0 0 0 0.3333333333333333 0 0 0.6666666666666666 0 1 0 0 0
0.5454545454545454 0.45454545454545453 0.45454545454545453 0.5454545454545454 0.45454545454545453 0 0.7272727272727273 0 0.5454545454545454 0.5454545454545454 0.45454545454545453 0.5454545454545454 0.6363636363636364 0.5454545454545454 0 0.45454545454545453 0.5454545454545454 0 0.5454545454545454 0.6363636363636364 0 0.36363636363636365 0 1 0 0
0 0 0 0 0 0 0 0 0 0 0 0 0 0 0.95 0 0 0 0 0 0 0 0 0 1 0
0 0 0 0 0 0 0 0 0 0 0 0 0 0 0 0 0 0 0 0 0 0 0 0 0 1
Generation 9
1100001101000110101100011100010000001010111001110001010000010101011 0.8253999948501587 0.5132487240704623
0100100011100111101111000000110100100101011001111001010000101100101 0.8141999840736389 0.5240487170219422
1100101100100111101111000000110100100101010001111001010101011100101 0.8131999969482422 0.4938341799649326
1100101100000111101111000000110100100101010001111001010001011100101 0.8082000017166138 0.4672865464470603
0100100101110011111100101000101000101110000101101100000110101100110 0.8069000244140625 0.5662971080433239
0101111100001110101100011100110100001010000101110010110100010101011 0.8040000200271606 0.7032320175170899
0100011100000111000010011100110100100110000101101101000100010100100 0.8033000230789185 0.46445346788926556
0101111100001110101100011100010000001010111001110011010100100101011 0.8030999898910522 0.7110111910502116
1100001101000110101110011100010000001010111001110001010000010111011 0.8009999990463257 0.515552726658908
1100101110000111101111000000110100100101010001111001010001011100101 0.7986000180244446 0.4704480106180365
1100101100000111000010011100110100100000011001101000001111011000111 0.7954999804496765 0.4888708970763466
1100101101000110101110011100101000101110000101101101010000001101110 0.794700026512146 0.45948110623793165
1100101100000111001100011100010010001010111011110110110101010010110 0.7942000031471252 0.7942000031471252
0000011100000111000010111100110100100110000101101101000101010101100 0.7940999865531921 0.45913417404348195
0100011110000001111110111001011110011001100101101101000110010000111 0.7919999957084656 0.5068799972534179
0001101111000011001100011100010000001010111011110110110101010011110 0.7911999821662903 0.7658815827369689
0100011110000001111110111001011110011001100101101101110000010000111 0.791100025177002 0.5408247444846414
1100101100100111101111000000110100100101010001111001010101011101011 0.7892000079154968 0.4792596411705016
1100101100000111101111011101010000001010111001111101010000100101011 0.786300003528595 0.454624365676533
0101111100001110101100011101010000001010111001111101110100100101011 0.7861999869346619 0.6939525218009949
0001101111000011001100011100010000001010111011110010110101111001111 0.7833999991416931 0.7583311991691589
1000101111000011001100101000101000101110000101101100000110100101110 0.782800018787384 0.5152247396382419
0100011110110111000111000000110000001010111001110110110100011101101 0.7824000120162964 0.5747083724628795
0101111111000111110010111111111011011101001101110010110100010101011 0.7818999886512756 0.7151778562863668
0001111100001110101100011100110100100110000101101101110101100101110 0.7815999984741211 0.6898922653198243
0100100011100111101111000000110100101100011001101000101001111100101 0.7813000082969666 0.554012733156031
1 0.5454545454545454 0.5454545454545454 0.6363636363636364 0.36363636363636365 0 0.5454545454545454 0 0.9090909090909091 0.6363636363636364 0.5454545454545454 0.7272727272727273 0 0.6363636363636364 0.45454545454545453 0 0.36363636363636365 0.6363636363636364 0.6363636363636364 0 0 0.45454545454545453 0.45454545454545453 0 0 0.36363636363636365
0.5454545454545454 1 0.8181818181818182 0.7272727272727273 0.45454545454545453 0 0.5454545454545454 0 0.5454545454545454 0.7272727272727273 0.45454545454545453 0.45454545454545453 0 0.45454545454545453 0.36363636363636365 0 0.2727272727272727 0.7272727272727273 0.5454545454545454 0 0 0.2727272727272727 0.2727272727272727 0 0 0.7272727272727273
0.5454545454545454 0.8181818181818182 1 0.9090909090909091 0.36363636363636365 0 0.6363636363636364 0 0.5454545454545454 0.8181818181818182 0.6363636363636364 0.5454545454545454 0 0.5454545454545454 0.36363636363636365 0 0.2727272727272727 0.9090909090909091 0.7272727272727273 0 0 0.36363636363636365 0.2727272727272727 0 0 0.5454545454545454
0.6363636363636364 0.7272727272727273 0.9090909090909091 1 0.36363636363636365 0 0.7272727272727273 0 0.6363636363636364 0.9090909090909091 0.7272727272727273 0.6363636363636364 0 0.6363636363636364 0.45454545454545453 0 0.36363636363636365 0.8181818181818182 0.8181818181818182 0 0 0.45454545454545453 0.2727272727272727 0 0 0.45454545454545453
0.36363636363636365 0.45454545454545453 0.36363636363636365 0.36363636363636365 1 0 0.5454545454545454 0 0.36363636363636365 0.36363636363636365 0.45454545454545453 0.5454545454545454 0 0.45454545454545453 0.5454545454545454 0 0.45454545454545453 0.2727272727272727 0.36363636363636365 0 0 0.6363636363636364 0.36363636363636365 0 0 0.5454545454545454
0 0 0 0 0 1 0 0.8666666666666667 0 0 0 0 0 0 0 0 0 0 0 0.8 0 0 0 0.6666666666666666 0.8 0
0.5454545454545454 0.5454545454545454 0.6363636363636364 0.7272727272727273 0.5454545454545454 0 1 0 0.5454545454545454 0.6363636363636364 0.6363636363636364 0.7272727272727273 0 0.9090909090909091 0.7272727272727273 0 0.6363636363636364 0.5454545454545454 0.7272727272727273 0 0 0.5454545454545454 0.45454545454545453 0 0 0.45454545454545453
0 0 0 0 0 0.8666666666666667 0 1 0 0 0 0 0 0 0 0 0 0 0 0.7333333333333333 0 0 0 0.5333333333333333 0.7333333333333333 0
0.9090909090909091 0.5454545454545454 0.5454545454545454 0.6363636363636364 0.36363636363636365 0 0.5454545454545454 0 1 0.6363636363636364 0.5454545454545454 0.6363636363636364 0 0.5454545454545454 0.45454545454545453 0 0.36363636363636365 0.5454545454545454 0.5454545454545454 0 0 0.36363636363636365 0.36363636363636365 0 0 0.36363636363636365
0.6363636363636364 0.7272727272727273 0.8181818181818182 0.9090909090909091 0.36363636363636365 0 0.6363636363636364 0 0.6363636363636364 1 0.6363636363636364 0.6363636363636364 0 0.5454545454545454 0.5454545454545454 0 0.45454545454545453 0.7272727272727273 0.7272727272727273 0 0 0.45454545454545453 0.36363636363636365 0 0 0.45454545454545453
0.5454545454545454 0.45454545454545453 0.6363636363636364 0.7272727272727273 0.45454545454545453 0 0.6363636363636364 0 0.5454545454545454 0.6363636363636364 1 0.6363636363636364 0 0.6363636363636364 0.5454545454545454 0 0.45454545454545453 0.6363636363636364 0.6363636363636364 0 0 0.6363636363636364 0.2727272727272727 0 0 0.5454545454545454
0.7272727272727273 0.45454545454545453 0.5454545454545454 0.6363636363636364 0.5454545454545454 0 0.7272727272727273 0 0.6363636363636364 0.6363636363636364 0.6363636363636364 1 0 0.8181818181818182 0.6363636363636364 0 0.5454545454545454 0.6363636363636364 0.8181818181818182 0 0 0.7272727272727273 0.45454545454545453 0 0 0.36363636363636365
0 0 0 0 0 0 0 0 0 0 0 0 1 0 0 0 0 0 0 0 0 0 0 0 0 0
0.6363636363636364 0.45454545454545453 0.5454545454545454 0.6363636363636364 0.45454545454545453 0 0.9090909090909091 0 0.5454545454545454 0.5454545454545454 0.6363636363636364 0.8181818181818182 0 1 0.7272727272727273 0 0.6363636363636364 0.6363636363636364 0.8181818181818182 0 0 0.6363636363636364 0.5454545454545454 0 0 0.36363636363636365
0.45454545454545453 0.36363636363636365 0.36363636363636365 0.45454545454545453 0.5454545454545454 0 0.7272727272727273 0 0.45454545454545453 0.5454545454545454 0.5454545454545454 0.6363636363636364 0 0.7272727272727273 1 0 0.9090909090909091 0.36363636363636365 0.5454545454545454 0 0 0.6363636363636364 0.45454545454545453 0 0 0.2727272727272727
0 0 0 0 0 0 0 0 0 0 0 0 0 0 0 1 0 0 0 0 0.8 0 0 0 0 0
0.36363636363636365 0.2727272727272727 0.2727272727272727 0.36363636363636365 0.45454545454545453 0 0.6363636363636364 0 0.36363636363636365 0.45454545454545453 0.45454545454545453 0.5454545454545454 0 0.6363636363636364 0.9090909090909091 0 1 0.2727272727272727 0.45454545454545453 0 0 0.5454545454545454 0.5454545454545454 0 0 0.36363636363636365
0.6363636363636364 0.7272727272727273 0.9090909090909091 0.8181818181818182 0.2727272727272727 0 0.5454545454545454 0 0.5454545454545454 0.7272727272727273 0.6363636363636364 0.6363636363636364 0 0.6363636363636364 0.36363636363636365 0 0.2727272727272727 1 0.8181818181818182 0 0 0.45454545454545453 0.36363636363636365 0 0 0.45454545454545453
0.6363636363636364 0.5454545454545454 0.7272727272727273 0.8181818181818182 0.36363636363636365 0 0.7272727272727273 0 0.5454545454545454 0.7272727272727273 0.6363636363636364 0.8181818181818182 0 0.8181818181818182 0.5454545454545454 0 0.45454545454545453 0.8181818181818182 1 0 0 0.6363636363636364 0.45454545454545453 0 0 0.2727272727272727
0 0 0 0 0 0.8 0 0.7333333333333333 0 0 0 0 0 0 0 0 0 0 0 1 0 0 0 0.4666666666666667 0.9333333333333333 0
0 0 0 0 0 0 0 0 0 0 0 0 0 0 0 0.8 0 0 0 0 1 0 0 0 0 0
0.45454545454545453 0.2727272727272727 0.36363636363636365 0.45454545454545453 0.6363636363636364 0 0.5454545454545454 0 0.36363636363636365 0.45454545454545453 0.6363636363636364 0.7272727272727273 0 0.6363636363636364 0.6363636363636364 0 0.5454545454545454 0.45454545454545453 0.6363636363636364 0 0 1 0.36363636363636365 0 0 0.36363636363636365
0.45454545454545453 0.2727272727272727 0.2727272727272727 0.2727272727272727 0.36363636363636365 0 0.45454545454545453 0 0.36363636363636365 0.36363636363636365 0.2727272727272727 0.45454545454545453 0 0.5454545454545454 0.45454545454545453 0 0.5454545454545454 0.36363636363636365 0.45454545454545453 0 0 0.36363636363636365 1 0 0 0.36363636363636365
0 0 0 0 0 0.6666666666666666 0 0.5333333333333333 0 0 0 0 0 0 0 0 0 0 0 0.4666666666666667 0 0 0 1 0.4666666666666667 0
0 0 0 0 0 0.8 0 0.7333333333333333 0 0 0 0 0 0 0 0 0 0 0 0.9333333333333333 0 0 0 0.4666666666666667 1 0
0.36363636363636365 0.7272727272727273 0.5454545454545454 0.45454545454545453 0.5454545454545454 0 0.45454545454545453 0 0.36363636363636365 0.45454545454545453 0.5454545454545454 0.36363636363636365 0 0.36363636363636365 0.2727272727272727 0 0.36363636363636365 0.45454545454545453 0.2727272727272727 0 0 0.36363636363636365 0.36363636363636365 0 0 1
50-2-256-64-6-7-2-7-linear-relu-1-feed-forward-512-relu-0.5-2-0.01-5 2
15-1-4-7-1-linear-2-feed-forward-feed-forward-32-512-linear-relu-0.0-0.0-0-2-1e-05-7 2
50-1-32-5-5-linear-1-feed-forward-256-relu-0.5-0-0.05-4 4
100-1-32-3-7-relu-1-feed-forward-8-linear-0.5-2-0.01-2 2
50-1-64-9-1-relu-1-recurrent-16-relu-0.0-3-0.001-6 2
100-1-64-9-1-relu-1-feed-forward-256-linear-0.0-0-0.01-5 2
50-2-256-64-6-5-2-1-linear-linear-1-recurrent-128-relu-0.0-1-0.05-7 2
15-2-256-256-9-6-1-6-linear-relu-1-recurrent-128-relu-0.0-1-0.05-3 2
15-1-64-6-1-linear-1-feed-forward-1024-relu-0.0-1-0.005-4 2
50-1-32-5-5-linear-1-feed-forward-256-relu-0.0-3-0.005-0 2
15-1-4-7-1-linear-1-feed-forward-512-relu-0.0-1-0.0005-7 2
50-2-256-64-6-5-2-1-linear-linear-1-feed-forward-1024-relu-0.0-0-5e-05-5 2
50-2-256-64-4-9-2-1-linear-relu-1-feed-forward-1024-relu-0.5-1-0.005-4 2
15-1-16-4-7-linear-2-recurrent-recurrent-16-64-relu-relu-0.5-0.0-3-1-0.005-3 2
50-1-16-9-8-relu-1-recurrent-512-linear-0.0-2-0.05-5 2