Downloading data from https://storage.googleapis.com/tensorflow/tf-keras-datasets/train-labels-idx1-ubyte.gz
32768/29515 [=================================] - 0s 0us/step
40960/29515 [=========================================] - 0s 0us/step
Downloading data from https://storage.googleapis.com/tensorflow/tf-keras-datasets/train-images-idx3-ubyte.gz
26427392/26421880 [==============================] - 0s 0us/step
26435584/26421880 [==============================] - 0s 0us/step
Downloading data from https://storage.googleapis.com/tensorflow/tf-keras-datasets/t10k-labels-idx1-ubyte.gz
16384/5148 [===============================================================================================] - 0s 0us/step
Downloading data from https://storage.googleapis.com/tensorflow/tf-keras-datasets/t10k-images-idx3-ubyte.gz
4423680/4422102 [==============================] - 0s 0us/step
4431872/4422102 [==============================] - 0s 0us/step
Generation 0 done
1000110110110111111100001110001100010001100001110001010111011101101 0.8027999997138977
Generation 1 done
1000110110110111111100001001101000010111100001110001010111011101101 0.8259000182151794
Generation 2 done
1000110110110111111100001001101000010111100001110001010111011101101 0.8259000182151794
Generation 3 done
1000110110110111111100001001101000010111100001110001010111011101101 0.8259000182151794
Generation 4 done
1000110110110111111100001001101000010111100001110001010111011101101 0.8259000182151794
Generation 5 done
1000110110110111111100001001101000010111100001110001010111011101101 0.8259000182151794
Generation 6 done
1000110110110111111100001001101000010111100001110001010111011101101 0.8259000182151794
Generation 7 done
1000110110110111111100001001101000010111100001110001010111011101101 0.8259000182151794
Generation 8 done
1100110011011110011110101001111010101100111101110001001010100100100 0.8327999711036682
Generation 9 done
[0.8027999997138977, 0.8259000182151794, 0.8259000182151794, 0.8259000182151794, 0.8259000182151794, 0.8259000182151794, 0.8259000182151794, 0.8259000182151794, 0.8327999711036682, 0.8327999711036682]
[1, 1, 0, 0, 1, 1, 0, 0, 1, 1, 0, 1, 1, 1, 1, 0, 0, 1, 1, 1, 1, 0, 1, 0, 1, 0, 0, 1, 1, 1, 1, 0, 1, 0, 1, 0, 1, 1, 0, 0, 1, 1, 1, 1, 0, 1, 1, 1, 0, 0, 0, 1, 0, 0, 1, 0, 1, 0, 1, 0, 0, 1, 0, 0, 1, 0, 0] 0.8327999711036682 0.6177861603823576
Generation 0
1100011011111101010110101100000100110101110010100000010100010101000 0.14020000398159027 0.12162350345402956
0001000111000111010000001001011011010100100001101011101010100110101 0.6226000189781189 0.5910549513498943
1100000011010111100110011110010011011100110011000011001000011010111 0.7210000157356262 0.6236650136113167
1000001110101000111101011101010100000010110010110011000010011001010 0.10819999873638153 0.09305199891328811
0000110111101000101010001011000100010110111011010101111000010110001 0.10090000182390213 0.08803525159135461
1100111011111010010110100001001111110111110010000101100111001111111 0.10000000149011612 0.08825000131502748
1100110011111110011110010101010110110001111110100101011010101011101 0.7555000185966492 0.6440637658536434
1101110001010100001101010000111100001011111100100001001010110101011 0.5663999915122986 0.5407231918970744
1001110101000011011000101110001010000101010000111100111010001101101 0.10000000149011612 0.09546666808923085
1000110110110111111100001110001100010001100001110001010111011101101 0.8027999997138977 0.6918676361170683
0101101110000111111101001111110110010000100100011010001100100010000 0.19439999759197235 0.1845503977139791
0100010111000100111010111111001000100011110100010100011111001100001 0.10119999945163727 0.08868799951943485
0100001110010111001110110001111010101100111111011001011010010011100 0.24230000376701355 0.20837800323963165
0000001110111011001101111000011011001000010000100111100001101111110 0.6220999956130981 0.5632832687551326
1000101101101000010110010001101000010111100111110101111110101001101 0.3785000145435333 0.33308001279830934
0100011110011100100111001111000011101001101110001110000101011011000 0.16019999980926514 0.1389734998345375
1000010011111100000111110010101110111010001000010001001110100000001 0.12240000069141388 0.10459636422720824
0000011001100110100110100000111000010111101101010111011110000001001 0.10849999636411667 0.09192908782850613
0100001001011000011010111010101110001000111001101001011010011000011 0.14630000293254852 0.12661600253798747
0000000000000011010011100111010000010100011001111011001110011110111 0.7146000266075134 0.6184538412094116
0000011011101100100101101110110110010011010101000001001101100110011 0.2004999965429306 0.17060726978562096
0101100000000110101101001011101011001111011110101100100100101111111 0.10000000149011612 0.10000000149011612
1000110110011011110111100101111011011011000100010011001011010001011 0.17309999465942383 0.1479218136180531
1001101101001101000010110101000001110001100101010000110011011110110 0.09839999675750732 0.09367679691314697
1000011111100110011101101011010011001100001001000111001100011110011 0.011300000362098217 0.009615273035385393
1100000110110010101010000000110001100100100010101110101011010010100 0.47360000014305115 0.4155840001255274
1 0 0.4375 0.375 0.3125 0.25 0.5625 0 0 0 0 0 0.5 0 0.1875 0.4375 0 0 0 0 0 0 0 0 0 0.25
0 1 0 0 0 0 0 0.2 0.3333333333333333 0 0.3333333333333333 0 0 0 0 0 0 0 0 0 0 0 0 0.4 0 0
0.4375 0 1 0.5 0.3125 0.3125 0.375 0 0 0 0 0 0.5 0 0.25 0.375 0 0 0 0 0 0 0 0 0 0.3125
0.375 0 0.5 1 0.3125 0.3125 0.3125 0 0 0 0 0 0.4375 0 0.4375 0.4375 0 0 0 0 0 0 0 0 0 0.375
0.3125 0 0.3125 0.3125 1 0.3125 0.375 0 0 0 0 0 0.4375 0 0.5625 0.1875 0 0 0 0 0 0 0 0 0 0.375
0.25 0 0.3125 0.3125 0.3125 1 0.4375 0 0 0 0 0 0.125 0 0.375 0.375 0 0 0 0 0 0 0 0 0 0.4375
0.5625 0 0.375 0.3125 0.375 0.4375 1 0 0 0 0 0 0.5 0 0.4375 0.4375 0 0 0 0 0 0 0 0 0 0.25
0 0.2 0 0 0 0 0 1 0.26666666666666666 0 0.4 0 0 0 0 0 0 0 0 0 0 0 0 0.26666666666666666 0 0
0 0.3333333333333333 0 0 0 0 0 0.26666666666666666 1 0 0.26666666666666666 0 0 0 0 0 0 0 0 0 0 0 0 0.26666666666666666 0 0
0 0 0 0 0 0 0 0 0 1 0 0.2727272727272727 0 0.18181818181818182 0 0 0.45454545454545453 0.36363636363636365 0.45454545454545453 0.36363636363636365 0.5454545454545454 0 0.45454545454545453 0 0.36363636363636365 0
0 0.3333333333333333 0 0 0 0 0 0.4 0.26666666666666666 0 1 0 0 0 0 0 0 0 0 0 0 0 0 0.26666666666666666 0 0
0 0 0 0 0 0 0 0 0 0.2727272727272727 0 1 0 0.2727272727272727 0 0 0.5454545454545454 0.45454545454545453 0.18181818181818182 0.2727272727272727 0.2727272727272727 0 0.36363636363636365 0 0.45454545454545453 0
0.5 0 0.5 0.4375 0.4375 0.125 0.5 0 0 0 0 0 1 0 0.3125 0.375 0 0 0 0 0 0 0 0 0 0.3125
0 0 0 0 0 0 0 0 0 0.18181818181818182 0 0.2727272727272727 0 1 0 0 0.2727272727272727 0.2727272727272727 0.2727272727272727 0.2727272727272727 0.09090909090909091 0 0.45454545454545453 0 0.2727272727272727 0
0.1875 0 0.25 0.4375 0.5625 0.375 0.4375 0 0 0 0 0 0.3125 0 1 0.1875 0 0 0 0 0 0 0 0 0 0.25
0.4375 0 0.375 0.4375 0.1875 0.375 0.4375 0 0 0 0 0 0.375 0 0.1875 1 0 0 0 0 0 0 0 0 0 0.5
0 0 0 0 0 0 0 0 0 0.45454545454545453 0 0.5454545454545454 0 0.2727272727272727 0 0 1 0.36363636363636365 0.45454545454545453 0.2727272727272727 0.5454545454545454 0 0.45454545454545453 0 0.2727272727272727 0
0 0 0 0 0 0 0 0 0 0.36363636363636365 0 0.45454545454545453 0 0.2727272727272727 0 0 0.36363636363636365 1 0.36363636363636365 0.36363636363636365 0.45454545454545453 0 0.45454545454545453 0 0.7272727272727273 0
0 0 0 0 0 0 0 0 0 0.45454545454545453 0 0.18181818181818182 0 0.2727272727272727 0 0 0.45454545454545453 0.36363636363636365 1 0.45454545454545453 0.45454545454545453 0 0.45454545454545453 0 0.2727272727272727 0
0 0 0 0 0 0 0 0 0 0.36363636363636365 0 0.2727272727272727 0 0.2727272727272727 0 0 0.2727272727272727 0.36363636363636365 0.45454545454545453 1 0.45454545454545453 0 0.45454545454545453 0 0.45454545454545453 0
0 0 0 0 0 0 0 0 0 0.5454545454545454 0 0.2727272727272727 0 0.09090909090909091 0 0 0.5454545454545454 0.45454545454545453 0.45454545454545453 0.45454545454545453 1 0 0.2727272727272727 0 0.6363636363636364 0
0 0 0 0 0 0 0 0 0 0 0 0 0 0 0 0 0 0 0 0 0 1 0 0 0 0
0 0 0 0 0 0 0 0 0 0.45454545454545453 0 0.36363636363636365 0 0.45454545454545453 0 0 0.45454545454545453 0.45454545454545453 0.45454545454545453 0.45454545454545453 0.2727272727272727 0 1 0 0.2727272727272727 0
0 0.4 0 0 0 0 0 0.26666666666666666 0.26666666666666666 0 0.26666666666666666 0 0 0 0 0 0 0 0 0 0 0 0 1 0 0
0 0 0 0 0 0 0 0 0 0.36363636363636365 0 0.45454545454545453 0 0.2727272727272727 0 0 0.2727272727272727 0.7272727272727273 0.2727272727272727 0.45454545454545453 0.6363636363636364 0 0.2727272727272727 0 1 0
0.25 0 0.3125 0.375 0.375 0.4375 0.25 0 0 0 0 0 0.3125 0 0.25 0.5 0 0 0 0 0 0 0 0 0 1
Generation 1
1000110110110111111100001001101000010111100001110001010111011101101 0.8259000182151794 0.6637232873656532
1000110110110111111100001110001100010000000001110001010111011100101 0.8141000270843506 0.6542403854023328
1100110011111110011110010101010110110001111110100101011010101011101 0.7555000185966492 0.6723950165510177
0100001001011000001101111010101110001011111001100001001010110101011 0.7401999831199646 0.5894683501937172
1100000011010111100110011110010011011100110011000011001000011010111 0.7210000157356262 0.6308750137686729
0000000000000011010011100111010000010100011001111011001110011110111 0.7146000266075134 0.576877112388611
0000001000000011010011100111010000010100011001111011001110011111111 0.6938999891281128 0.5576432639902289
1100011011111101010110101100001100110101010000111100110100010101000 0.669700026512146 0.582030204859647
1100000110110010101010000000110001100100100100100100101011001000101 0.6477000117301941 0.548778555393219
0100001001011000011010111010101110001000111101101001011010010100011 0.6299999952316284 0.5062909052588723
0000000000000110101001001011010000010100011110101100001100101110111 0.6280999779701233 0.5668602301180362
0001000111000111010000001001011011010100100001101011101010100110101 0.6226000189781189 0.5927152180671692
0000001110111011001101111000011011001000010000100111100001101111110 0.6220999956130981 0.5248261781172319
0101101110000111111100000010001100010000100100011010001100011101101 0.6116999983787537 0.5627639985084534
1001110101000100111010111111001000100011110100110100110010001101001 0.6021999716758728 0.5716885064442953
1101110001010100001101010000111100001011111100100001001010110101011 0.5663999915122986 0.5346815919876098
0100010111000011011000101110001010000101010000010100011111001100101 0.5425000190734863 0.4517545613375577
1100000110110010101010000000110001100100100010101110101011010010100 0.47360000014305115 0.4333440001308918
1100000011010111100101001111110110010000100111000011101000110010111 0.44130000472068787 0.3938602542132139
1000101101101000010111010110001100010001100111110101111110101001101 0.4113999903202057 0.37334549121558663
1100000111010111100110011110010011010100110101010100011000011010011 0.2833999991416931 0.2380559992790222
0100001110010111001110110001111010101100111111011001011010010011100 0.24230000376701355 0.21322400331497193
0000011011101100100101101110110110010011010101000001001101100110011 0.2004999965429306 0.1669618153030222
0101101110000111111101001111110110010000100100011010001100100010000 0.19439999759197235 0.17988479777177174
1000110110011011110111100101111011011011000100010011001011010001011 0.17309999465942383 0.14036835930564187
0100001001011000011010111010101110101100111111011001011010011001100 0.1712000072002411 0.15194000639021396
1 0.9090909090909091 0 0.5454545454545454 0 0.36363636363636365 0.36363636363636365 0.2727272727272727 0.2727272727272727 0.45454545454545453 0 0 0.18181818181818182 0 0 0 0.18181818181818182 0 0 0 0.36363636363636365 0 0.5454545454545454 0 0.45454545454545453 0
0.9090909090909091 1 0 0.45454545454545453 0 0.36363636363636365 0.36363636363636365 0.18181818181818182 0.2727272727272727 0.5454545454545454 0 0 0.18181818181818182 0 0 0 0.2727272727272727 0 0 0 0.36363636363636365 0 0.5454545454545454 0 0.45454545454545453 0
0 0 1 0 0.375 0 0 0 0 0 0.5 0 0 0 0 0 0 0.25 0.25 0.4375 0 0.5 0 0 0 0.4375
0.5454545454545454 0.45454545454545453 0 1 0 0.45454545454545453 0.5454545454545454 0.18181818181818182 0.2727272727272727 0.8181818181818182 0 0 0.36363636363636365 0 0 0 0.2727272727272727 0 0 0 0.2727272727272727 0 0.45454545454545453 0 0.45454545454545453 0
0 0 0.375 0 1 0 0 0 0 0 0.4375 0 0 0 0 0 0 0.3125 0.8125 0.25 0 0.5 0 0 0 0.4375
0.36363636363636365 0.36363636363636365 0 0.45454545454545453 0 1 0.8181818181818182 0.18181818181818182 0.2727272727272727 0.45454545454545453 0 0 0.2727272727272727 0 0 0 0.36363636363636365 0 0 0 0.36363636363636365 0 0.45454545454545453 0 0.45454545454545453 0
0.36363636363636365 0.36363636363636365 0 0.5454545454545454 0 0.8181818181818182 1 0.18181818181818182 0.18181818181818182 0.5454545454545454 0 0 0.45454545454545453 0 0 0 0.36363636363636365 0 0 0 0.2727272727272727 0 0.36363636363636365 0 0.45454545454545453 0
0.2727272727272727 0.18181818181818182 0 0.18181818181818182 0 0.18181818181818182 0.18181818181818182 1 0.45454545454545453 0.09090909090909091 0 0 0.45454545454545453 0 0 0 0.36363636363636365 0 0 0 0.36363636363636365 0 0.36363636363636365 0 0.18181818181818182 0
0.2727272727272727 0.2727272727272727 0 0.2727272727272727 0 0.2727272727272727 0.18181818181818182 0.45454545454545453 1 0.18181818181818182 0 0 0.6363636363636364 0 0 0 0.45454545454545453 0 0 0 0.36363636363636365 0 0.09090909090909091 0 0.36363636363636365 0
0.45454545454545453 0.5454545454545454 0 0.8181818181818182 0 0.45454545454545453 0.5454545454545454 0.09090909090909091 0.18181818181818182 1 0 0 0.2727272727272727 0 0 0 0.36363636363636365 0 0 0 0.2727272727272727 0 0.45454545454545453 0 0.45454545454545453 0
0 0 0.5 0 0.4375 0 0 0 0 0 1 0 0 0 0 0 0 0.375 0.3125 0.3125 0 0.25 0 0 0 0.25
0 0 0 0 0 0 0 0 0 0 0 1 0 0.4 0.26666666666666666 0.2 0 0 0 0 0 0 0 0.3333333333333333 0 0
0.18181818181818182 0.18181818181818182 0 0.36363636363636365 0 0.2727272727272727 0.45454545454545453 0.45454545454545453 0.6363636363636364 0.2727272727272727 0 0 1 0 0 0 0.36363636363636365 0 0 0 0.18181818181818182 0 0.09090909090909091 0 0.45454545454545453 0
0 0 0 0 0 0 0 0 0 0 0 0.4 0 1 0.3333333333333333 0.4 0 0 0 0 0 0 0 0.8666666666666667 0 0
0 0 0 0 0 0 0 0 0 0 0 0.26666666666666666 0 0.3333333333333333 1 0.4 0 0 0 0 0 0 0 0.26666666666666666 0 0
0 0 0 0 0 0 0 0 0 0 0 0.2 0 0.4 0.4 1 0 0 0 0 0 0 0 0.4 0 0
0.18181818181818182 0.2727272727272727 0 0.2727272727272727 0 0.36363636363636365 0.36363636363636365 0.36363636363636365 0.45454545454545453 0.36363636363636365 0 0 0.36363636363636365 0 0 0 1 0 0 0 0.5454545454545454 0 0.18181818181818182 0 0.45454545454545453 0
0 0 0.25 0 0.3125 0 0 0 0 0 0.375 0 0 0 0 0 0 1 0.375 0.25 0 0.3125 0 0 0 0.25
0 0 0.25 0 0.8125 0 0 0 0 0 0.3125 0 0 0 0 0 0 0.375 1 0.25 0 0.4375 0 0 0 0.25
0 0 0.4375 0 0.25 0 0 0 0 0 0.3125 0 0 0 0 0 0 0.25 0.25 1 0 0.3125 0 0 0 0.5
0.36363636363636365 0.36363636363636365 0 0.2727272727272727 0 0.36363636363636365 0.2727272727272727 0.36363636363636365 0.36363636363636365 0.2727272727272727 0 0 0.18181818181818182 0 0 0 0.5454545454545454 0 0 0 1 0 0.36363636363636365 0 0.2727272727272727 0
0 0 0.5 0 0.5 0 0 0 0 0 0.25 0 0 0 0 0 0 0.3125 0.4375 0.3125 0 1 0 0 0 0.6875
0.5454545454545454 0.5454545454545454 0 0.45454545454545453 0 0.45454545454545453 0.36363636363636365 0.36363636363636365 0.09090909090909091 0.45454545454545453 0 0 0.09090909090909091 0 0 0 0.18181818181818182 0 0 0 0.36363636363636365 0 1 0 0.2727272727272727 0
0 0 0 0 0 0 0 0 0 0 0 0.3333333333333333 0 0.8666666666666667 0.26666666666666666 0.4 0 0 0 0 0 0 0 1 0 0
0.45454545454545453 0.45454545454545453 0 0.45454545454545453 0 0.45454545454545453 0.45454545454545453 0.18181818181818182 0.36363636363636365 0.45454545454545453 0 0 0.45454545454545453 0 0 0 0.45454545454545453 0 0 0 0.2727272727272727 0 0.2727272727272727 0 1 0
0 0 0.4375 0 0.4375 0 0 0 0 0 0.25 0 0 0 0 0 0 0.25 0.25 0.5 0 0.6875 0 0 0 1
Generation 2
1000110110110111111100001001101000010111100001110001010111011101101 0.8259000182151794 0.6607200145721436
1000110110110111111100001110001100010000000001110001010111011100101 0.8141000270843506 0.6572007491371848
0100001110010111001110110001111010101100111111110001010111010101100 0.8012999892234802 0.7071472404897213
1100110011111110011110010101010110110001111110100101011010101011101 0.7555000185966492 0.6497300159931183
1100000011010111100110111110110001100100101100100100101010001011101 0.7542999982833862 0.6528123621507125
0100001001011000001101111010101110001011111001100001001010110101011 0.7401999831199646 0.5867767138914628
1100000011010111100110011110010011011100110011000001001000011100101 0.7264999747276306 0.6011787290871143
1100000011010111100110011110010011011100110011000011001000011010111 0.7210000157356262 0.6002325130999089
0000000000000011010011100111010000010100011001111011001110011110111 0.7146000266075134 0.5742785668373108
1100000101101000010111010110001100010001100111110101111000011010111 0.6988999843597412 0.6010539865493775
0000001000000011010011100111010000010100011001111011001110011111111 0.6938999891281128 0.5475501732392745
1000110110110111111100001110011100010000000001110011010111011000111 0.6880999803543091 0.5504799842834472
0000001110111011001101111000011011001000010000100111100001100111110 0.685699999332428 0.5535469085519965
1100011011111101010110101100001100110101010000111100110100010101000 0.669700026512146 0.5747243863886052
0000001110111011001101111000011011001000010000100111101010101101011 0.6521000266075134 0.5216800212860108
1100000110110010101010000000110001100100100100100100101011001000101 0.6477000117301941 0.5346469187736511
1100110011111110011110010101010110110001111110100101011110101001101 0.6396999955177307 0.5485427461564542
0000001000000011110111100001111011011100011001111011001011110001011 0.6315000057220459 0.5006072772632946
0100001001011000011010111010101110001000111101101001011010010100011 0.6299999952316284 0.513163632479581
0000000000000110101001001011010000010100011110101100001100101110111 0.6280999779701233 0.5511577306687832
0001000111000111010000001001011011010100100001101011101010100110101 0.6226000189781189 0.6010165516535442
0101101110000111111100000010001100010000100100011010001100011101101 0.6116999983787537 0.5839695984522502
1100000110110010101010000000010011011100110011000011001001011000111 0.6025000214576721 0.5271875187754631
1001110101000100111010111111001000100011110100110100110010001101001 0.6021999716758728 0.5781119728088379
1101110001010100001101010000111100001011111100100001001010111101011 0.592199981212616 0.5685119819641113
1100000111010111100110011110010011010100110111010101111110001010101 0.5604000091552734 0.480543007850647
1 0.9090909090909091 0 0 0.18181818181818182 0.5454545454545454 0 0 0.36363636363636365 0 0.36363636363636365 0.8181818181818182 0.18181818181818182 0.2727272727272727 0.2727272727272727 0.2727272727272727 0 0.36363636363636365 0.45454545454545453 0 0 0 0 0 0 0
0.9090909090909091 1 0 0 0.18181818181818182 0.45454545454545453 0 0 0.36363636363636365 0 0.36363636363636365 0.8181818181818182 0.18181818181818182 0.18181818181818182 0.18181818181818182 0.2727272727272727 0 0.36363636363636365 0.5454545454545454 0 0 0 0 0 0 0
0 0 1 0.3125 0 0 0.5 0.4375 0 0.375 0 0 0 0 0 0 0.3125 0 0 0.1875 0 0 0.4375 0 0 0.375
0 0 0.3125 1 0 0 0.4375 0.375 0 0.375 0 0 0 0 0 0 0.875 0 0 0.5 0 0 0.1875 0 0 0.4375
0.18181818181818182 0.18181818181818182 0 0 1 0.18181818181818182 0 0 0.18181818181818182 0 0.09090909090909091 0.18181818181818182 0.45454545454545453 0.6363636363636364 0.45454545454545453 0.6363636363636364 0 0.09090909090909091 0.09090909090909091 0 0 0 0 0 0 0
0.5454545454545454 0.45454545454545453 0 0 0.18181818181818182 1 0 0 0.45454545454545453 0 0.5454545454545454 0.36363636363636365 0.36363636363636365 0.18181818181818182 0.45454545454545453 0.2727272727272727 0 0.5454545454545454 0.8181818181818182 0 0 0 0 0 0 0
0 0 0.5 0.4375 0 0 1 0.875 0 0.5 0 0 0 0 0 0 0.4375 0 0 0.4375 0 0 0.625 0 0 0.5
0 0 0.4375 0.375 0 0 0.875 1 0 0.5 0 0 0 0 0 0 0.375 0 0 0.4375 0 0 0.6875 0 0 0.5
0.36363636363636365 0.36363636363636365 0 0 0.18181818181818182 0.45454545454545453 0 0 1 0 0.8181818181818182 0.45454545454545453 0.2727272727272727 0.18181818181818182 0.2727272727272727 0.2727272727272727 0 0.8181818181818182 0.45454545454545453 0 0 0 0 0 0 0
0 0 0.375 0.375 0 0 0.5 0.5 0 1 0 0 0 0 0 0 0.375 0 0 0.3125 0 0 0.4375 0 0 0.625
0.36363636363636365 0.36363636363636365 0 0 0.09090909090909091 0.5454545454545454 0 0 0.8181818181818182 0 1 0.45454545454545453 0.45454545454545453 0.18181818181818182 0.36363636363636365 0.18181818181818182 0 0.9090909090909091 0.5454545454545454 0 0 0 0 0 0 0
0.8181818181818182 0.8181818181818182 0 0 0.18181818181818182 0.36363636363636365 0 0 0.45454545454545453 0 0.45454545454545453 1 0.2727272727272727 0.18181818181818182 0.2727272727272727 0.36363636363636365 0 0.45454545454545453 0.36363636363636365 0 0 0 0 0 0 0
0.18181818181818182 0.18181818181818182 0 0 0.45454545454545453 0.36363636363636365 0 0 0.2727272727272727 0 0.45454545454545453 0.2727272727272727 1 0.45454545454545453 0.9090909090909091 0.6363636363636364 0 0.36363636363636365 0.2727272727272727 0 0 0 0 0 0 0
0.2727272727272727 0.18181818181818182 0 0 0.6363636363636364 0.18181818181818182 0 0 0.18181818181818182 0 0.18181818181818182 0.18181818181818182 0.45454545454545453 1 0.5454545454545454 0.45454545454545453 0 0.18181818181818182 0.09090909090909091 0 0 0 0 0 0 0
0.2727272727272727 0.18181818181818182 0 0 0.45454545454545453 0.45454545454545453 0 0 0.2727272727272727 0 0.36363636363636365 0.2727272727272727 0.9090909090909091 0.5454545454545454 1 0.6363636363636364 0 0.36363636363636365 0.2727272727272727 0 0 0 0 0 0 0
0.2727272727272727 0.2727272727272727 0 0 0.6363636363636364 0.2727272727272727 0 0 0.2727272727272727 0 0.18181818181818182 0.36363636363636365 0.6363636363636364 0.45454545454545453 0.6363636363636364 1 0 0.18181818181818182 0.18181818181818182 0 0 0 0 0 0 0
0 0 0.3125 0.875 0 0 0.4375 0.375 0 0.375 0 0 0 0 0 0 1 0 0 0.5 0 0 0.1875 0 0 0.5
0.36363636363636365 0.36363636363636365 0 0 0.09090909090909091 0.5454545454545454 0 0 0.8181818181818182 0 0.9090909090909091 0.45454545454545453 0.36363636363636365 0.18181818181818182 0.36363636363636365 0.18181818181818182 0 1 0.5454545454545454 0 0 0 0 0 0 0
0.45454545454545453 0.5454545454545454 0 0 0.09090909090909091 0.8181818181818182 0 0 0.45454545454545453 0 0.5454545454545454 0.36363636363636365 0.2727272727272727 0.09090909090909091 0.2727272727272727 0.18181818181818182 0 0.5454545454545454 1 0 0 0 0 0 0 0
0 0 0.1875 0.5 0 0 0.4375 0.4375 0 0.3125 0 0 0 0 0 0 0.5 0 0 1 0 0 0.3125 0 0 0.375
0 0 0 0 0 0 0 0 0 0 0 0 0 0 0 0 0 0 0 0 1 0.4 0 0.26666666666666666 0.2 0
0 0 0 0 0 0 0 0 0 0 0 0 0 0 0 0 0 0 0 0 0.4 1 0 0.3333333333333333 0.4 0
0 0 0.4375 0.1875 0 0 0.625 0.6875 0 0.4375 0 0 0 0 0 0 0.1875 0 0 0.3125 0 0 1 0 0 0.25
0 0 0 0 0 0 0 0 0 0 0 0 0 0 0 0 0 0 0 0 0.26666666666666666 0.3333333333333333 0 1 0.4 0
0 0 0 0 0 0 0 0 0 0 0 0 0 0 0 0 0 0 0 0 0.2 0.4 0 0.4 1 0
0 0 0.375 0.4375 0 0 0.5 0.5 0 0.625 0 0 0 0 0 0 0.5 0 0 0.375 0 0 0.25 0 0 1
Generation 3
1000110110110111111100001001101000010111100001110001010111011101101 0.8259000182151794 0.5526021940057929
1000110110110111111100001110001100010000000001110001010111011100101 0.8141000270843506 0.5565483821522106
0100001110010111001110110001111010101100111111110001010111010100110 0.8116999864578247 0.722412987947464
0100001110010111001110110001111010101100111111110001010111010101100 0.8012999892234802 0.715160240381956
1100000011010111100000001001011011010100100001101011101010001111101 0.7982000112533569 0.5863141900842841
1100110011111110011110010101010110001011111001100001011110100101101 0.7972999811172485 0.5595596231113781
1000110111110111111100001110001100010000000001110000100110011101101 0.767300009727478 0.538505097736012
0000000000000110101001001001101000010111100001101100001101011110111 0.7574999928474426 0.5619272674213757
1100110011111110011110010101010110110001111110100101011010101011101 0.7555000185966492 0.6780612666904926
1100000011010111100110111110110001100100101100100100101010001011101 0.7542999982833862 0.5869825441187079
0100001001011000001101111010101110001011111001100001001010110101011 0.7401999831199646 0.5571687145666643
0101101110000111100010011110000011011100100100011010001000001100101 0.7364000082015991 0.7246176080703736
1000110111000000111010111111001000100011100001110000111111001101001 0.7329000234603882 0.5383483808690852
1100000011010111100110111110110000010100011001111100001010001011101 0.7315999865531921 0.537393444668163
0100001110010111001110110001111010101100110100110100110011001101001 0.73089998960495 0.550168355811726
1000110110110111111100011110011100010000000101110011010111011100111 0.7275999784469604 0.49476798534393324
1100000011010111100110011110010011011100110011000001001000011100101 0.7264999747276306 0.6320549780130387
1100110011111110011110010101010110110001111110100100101010101010101 0.7245000004768372 0.6611062504351138
0001000111000111110110111110110000100100101100100100101010110010101 0.7233999967575073 0.7118255968093872
1100000011010111100110011110010011011100110011000011001000011010111 0.7210000157356262 0.632677513808012
1100000110110110101010000000110001100100100100100101011011001001101 0.7163000106811523 0.5365738261829724
0000000000000011010011100111010000010100011001111011001110011110111 0.7146000266075134 0.53270183801651
1100000101101000010111010110001100010001100111110101111000011010111 0.6988999843597412 0.6290099859237671
0000001000000011010011100111010000010100011001111011001110011111111 0.6938999891281128 0.5197941736741499
1000110110110111111100001110011100010000000001110011010111011000111 0.6880999803543091 0.47041016838767324
0000001110111011001101111000011011001000010000100111100001100111110 0.685699999332428 0.5510534540089693
1 0.9090909090909091 0 0 0.36363636363636365 0.7272727272727273 0.7272727272727273 0.36363636363636365 0 0.18181818181818182 0.5454545454545454 0 0.5454545454545454 0.36363636363636365 0.45454545454545453 0.8181818181818182 0 0 0 0 0.5454545454545454 0.36363636363636365 0 0.36363636363636365 0.8181818181818182 0.18181818181818182
0.9090909090909091 1 0 0 0.36363636363636365 0.6363636363636364 0.6363636363636364 0.36363636363636365 0 0.18181818181818182 0.45454545454545453 0 0.45454545454545453 0.36363636363636365 0.36363636363636365 0.9090909090909091 0 0 0 0 0.5454545454545454 0.36363636363636365 0 0.36363636363636365 0.8181818181818182 0.18181818181818182
0 0 1 0.9375 0 0 0 0 0.3125 0 0 0 0 0 0 0 0.5625 0.125 0 0.4375 0 0 0.375 0 0 0
0 0 0.9375 1 0 0 0 0 0.3125 0 0 0 0 0 0 0 0.5 0.125 0 0.4375 0 0 0.375 0 0 0
0.36363636363636365 0.36363636363636365 0 0 1 0.45454545454545453 0.45454545454545453 0.45454545454545453 0 0.5454545454545454 0.2727272727272727 0 0.36363636363636365 0.5454545454545454 0.36363636363636365 0.45454545454545453 0 0 0 0 0.2727272727272727 0.45454545454545453 0 0.45454545454545453 0.45454545454545453 0.36363636363636365
0.7272727272727273 0.6363636363636364 0 0 0.45454545454545453 1 0.5454545454545454 0.36363636363636365 0 0.36363636363636365 0.6363636363636364 0 0.45454545454545453 0.45454545454545453 0.2727272727272727 0.5454545454545454 0 0 0 0 0.45454545454545453 0.36363636363636365 0 0.36363636363636365 0.5454545454545454 0.2727272727272727
0.7272727272727273 0.6363636363636364 0 0 0.45454545454545453 0.5454545454545454 1 0.36363636363636365 0 0.36363636363636365 0.36363636363636365 0 0.8181818181818182 0.36363636363636365 0.5454545454545454 0.6363636363636364 0 0 0 0 0.2727272727272727 0.2727272727272727 0 0.2727272727272727 0.6363636363636364 0.18181818181818182
0.36363636363636365 0.36363636363636365 0 0 0.45454545454545453 0.36363636363636365 0.36363636363636365 1 0 0.45454545454545453 0.2727272727272727 0 0.36363636363636365 0.6363636363636364 0.36363636363636365 0.36363636363636365 0 0 0 0 0.45454545454545453 0.6363636363636364 0 0.45454545454545453 0.36363636363636365 0.18181818181818182
0 0 0.3125 0.3125 0 0 0 0 1 0 0 0 0 0 0 0 0.4375 0.75 0 0.375 0 0 0.375 0 0 0
0.18181818181818182 0.18181818181818182 0 0 0.5454545454545454 0.36363636363636365 0.36363636363636365 0.45454545454545453 0 1 0.18181818181818182 0 0.2727272727272727 0.7272727272727273 0.6363636363636364 0.18181818181818182 0 0 0 0 0.5454545454545454 0.18181818181818182 0 0.09090909090909091 0.18181818181818182 0.45454545454545453
0.5454545454545454 0.45454545454545453 0 0 0.2727272727272727 0.6363636363636364 0.36363636363636365 0.2727272727272727 0 0.18181818181818182 1 0 0.45454545454545453 0.2727272727272727 0.2727272727272727 0.36363636363636365 0 0 0 0 0.36363636363636365 0.45454545454545453 0 0.5454545454545454 0.36363636363636365 0.36363636363636365
0 0 0 0 0 0 0 0 0 0 0 1 0 0 0 0 0 0 0.4 0 0 0 0 0 0 0
0.5454545454545454 0.45454545454545453 0 0 0.36363636363636365 0.45454545454545453 0.8181818181818182 0.36363636363636365 0 0.2727272727272727 0.45454545454545453 0 1 0.2727272727272727 0.45454545454545453 0.45454545454545453 0 0 0 0 0.09090909090909091 0.45454545454545453 0 0.45454545454545453 0.45454545454545453 0.2727272727272727
0.36363636363636365 0.36363636363636365 0 0 0.5454545454545454 0.45454545454545453 0.36363636363636365 0.6363636363636364 0 0.7272727272727273 0.2727272727272727 0 0.2727272727272727 1 0.45454545454545453 0.36363636363636365 0 0 0 0 0.45454545454545453 0.45454545454545453 0 0.36363636363636365 0.36363636363636365 0.18181818181818182
0.45454545454545453 0.36363636363636365 0 0 0.36363636363636365 0.2727272727272727 0.5454545454545454 0.36363636363636365 0 0.6363636363636364 0.2727272727272727 0 0.45454545454545453 0.45454545454545453 1 0.36363636363636365 0 0 0 0 0.45454545454545453 0.09090909090909091 0 0.18181818181818182 0.36363636363636365 0.5454545454545454
0.8181818181818182 0.9090909090909091 0 0 0.45454545454545453 0.5454545454545454 0.6363636363636364 0.36363636363636365 0 0.18181818181818182 0.36363636363636365 0 0.45454545454545453 0.36363636363636365 0.36363636363636365 1 0 0 0 0 0.45454545454545453 0.45454545454545453 0 0.45454545454545453 0.9090909090909091 0.2727272727272727
0 0 0.5625 0.5 0 0 0 0 0.4375 0 0 0 0 0 0 0 1 0.375 0 0.875 0 0 0.5 0 0 0
0 0 0.125 0.125 0 0 0 0 0.75 0 0 0 0 0 0 0 0.375 1 0 0.4375 0 0 0.375 0 0 0
0 0 0 0 0 0 0 0 0 0 0 0.4 0 0 0 0 0 0 1 0 0 0 0 0 0 0
0 0 0.4375 0.4375 0 0 0 0 0.375 0 0 0 0 0 0 0 0.875 0.4375 0 1 0 0 0.5 0 0 0
0.5454545454545454 0.5454545454545454 0 0 0.2727272727272727 0.45454545454545453 0.2727272727272727 0.45454545454545453 0 0.5454545454545454 0.36363636363636365 0 0.09090909090909091 0.45454545454545453 0.45454545454545453 0.45454545454545453 0 0 0 0 1 0.2727272727272727 0 0.18181818181818182 0.45454545454545453 0.45454545454545453
0.36363636363636365 0.36363636363636365 0 0 0.45454545454545453 0.36363636363636365 0.2727272727272727 0.6363636363636364 0 0.18181818181818182 0.45454545454545453 0 0.45454545454545453 0.45454545454545453 0.09090909090909091 0.45454545454545453 0 0 0 0 0.2727272727272727 1 0 0.8181818181818182 0.45454545454545453 0.2727272727272727
0 0 0.375 0.375 0 0 0 0 0.375 0 0 0 0 0 0 0 0.5 0.375 0 0.5 0 0 1 0 0 0
0.36363636363636365 0.36363636363636365 0 0 0.45454545454545453 0.36363636363636365 0.2727272727272727 0.45454545454545453 0 0.09090909090909091 0.5454545454545454 0 0.45454545454545453 0.36363636363636365 0.18181818181818182 0.45454545454545453 0 0 0 0 0.18181818181818182 0.8181818181818182 0 1 0.45454545454545453 0.45454545454545453
0.8181818181818182 0.8181818181818182 0 0 0.45454545454545453 0.5454545454545454 0.6363636363636364 0.36363636363636365 0 0.18181818181818182 0.36363636363636365 0 0.45454545454545453 0.36363636363636365 0.36363636363636365 0.9090909090909091 0 0 0 0 0.45454545454545453 0.45454545454545453 0 0.45454545454545453 1 0.2727272727272727
0.18181818181818182 0.18181818181818182 0 0 0.36363636363636365 0.2727272727272727 0.18181818181818182 0.18181818181818182 0 0.45454545454545453 0.36363636363636365 0 0.2727272727272727 0.18181818181818182 0.5454545454545454 0.2727272727272727 0 0 0 0 0.45454545454545453 0.2727272727272727 0 0.45454545454545453 0.2727272727272727 1
Generation 4
1000110110110111111100001001101000010111100001110001010111011101101 0.8259000182151794 0.597651285908439
1000110110110111111100001110001100010000000001110001010111011100101 0.8141000270843506 0.6009538381749934
0100001110010111001110110001111010101100111111110001010111010100110 0.8116999864578247 0.6919742384552956
0100001110010111001110110001111010101100111111110001010111010101100 0.8012999892234802 0.6831082408130169
1100000011010111100000001001011011010100100001101011101010001111101 0.7982000112533569 0.6153396450389516
1100110011111110011110010101010110001011111001100001011110100101101 0.7972999811172485 0.5943508950146762
1100000011010111100110111000110000101100111111111100010110000101101 0.7890999913215637 0.6667894926667213
1000110111110111111100001110001100010000000001110000101010001101101 0.7874000072479248 0.5812443689866499
1100001011010111100000001001011011010100100001101011101010001010111 0.7657999992370605 0.5959316357699308
0000000000000110101001001001101000010111100001101100001101011110111 0.7574999928474426 0.6004909034208817
1100110011111110011110010101010110110001111110100101011010101011101 0.7555000185966492 0.6383975157141685
1100000011010111100110111110110001100100101100100100101010001011101 0.7542999982833862 0.6006970895420422
1100110011111110011110010101010110110001111110100101010110111011101 0.7519999742507935 0.6335599783062935
0001000111000111110110111110110011100100101100100100101010000011101 0.7458999752998352 0.706118643283844
0100001001011000001101111010101110001011111001100001001010110101011 0.7401999831199646 0.5975432591004806
0101101110000111100010011110000011011100100100011010001000001100101 0.7364000082015991 0.7128352079391479
1000110111000000111010111111001000100011100001110000111111001101001 0.7329000234603882 0.5756596547907049
1100000011010111100110111110110000010100011001111100001010001011101 0.7315999865531921 0.5639970805428245
0100001110010111001110110001111010101100110100110100110011001101001 0.73089998960495 0.5714309009638701
1000110110110111111100011110011100010000000101110011010111011100111 0.7275999784469604 0.542392711205916
1100000011010111100110011110010011011100110011000001001000011100101 0.7264999747276306 0.593913729339838
1100110011111110011110010101010110110001111110100100101010101010101 0.7245000004768372 0.6321262504160404
0001000111000111110110111110110000100100101100100100101010110010101 0.7233999967575073 0.684818663597107
1100000011010111100110011110010011011100110011000011001000011010111 0.7210000157356262 0.5948250129818916
1100000011010101100110011110010011011100110011000011001000011111101 0.7182000279426575 0.5943105231225491
1100000110110110101010000000110001100100100100100101011011001001101 0.7163000106811523 0.5704352812333541
1 0.9090909090909091 0 0 0.36363636363636365 0.7272727272727273 0 0.7272727272727273 0.36363636363636365 0.36363636363636365 0 0.18181818181818182 0 0 0.5454545454545454 0 0.5454545454545454 0.36363636363636365 0.45454545454545453 0.8181818181818182 0 0 0 0 0 0.5454545454545454
0.9090909090909091 1 0 0 0.36363636363636365 0.6363636363636364 0 0.6363636363636364 0.36363636363636365 0.36363636363636365 0 0.18181818181818182 0 0 0.45454545454545453 0 0.45454545454545453 0.36363636363636365 0.36363636363636365 0.9090909090909091 0 0 0 0 0 0.5454545454545454
0 0 1 0.9375 0 0 0.5 0 0 0 0.3125 0 0.375 0 0 0 0 0 0 0 0.5625 0.125 0 0.4375 0.4375 0
0 0 0.9375 1 0 0 0.5625 0 0 0 0.3125 0 0.375 0 0 0 0 0 0 0 0.5 0.125 0 0.4375 0.4375 0
0.36363636363636365 0.36363636363636365 0 0 1 0.45454545454545453 0 0.45454545454545453 0.8181818181818182 0.45454545454545453 0 0.5454545454545454 0 0 0.2727272727272727 0 0.36363636363636365 0.5454545454545454 0.36363636363636365 0.45454545454545453 0 0 0 0 0 0.2727272727272727
0.7272727272727273 0.6363636363636364 0 0 0.45454545454545453 1 0 0.5454545454545454 0.45454545454545453 0.36363636363636365 0 0.36363636363636365 0 0 0.6363636363636364 0 0.45454545454545453 0.45454545454545453 0.2727272727272727 0.5454545454545454 0 0 0 0 0 0.45454545454545453
0 0 0.5 0.5625 0 0 1 0 0 0 0.4375 0 0.5 0 0 0 0 0 0 0 0.5 0.375 0 0.5 0.5 0
0.7272727272727273 0.6363636363636364 0 0 0.45454545454545453 0.5454545454545454 0 1 0.45454545454545453 0.36363636363636365 0 0.36363636363636365 0 0 0.36363636363636365 0 0.8181818181818182 0.36363636363636365 0.5454545454545454 0.6363636363636364 0 0 0 0 0 0.2727272727272727
0.36363636363636365 0.36363636363636365 0 0 0.8181818181818182 0.45454545454545453 0 0.45454545454545453 1 0.36363636363636365 0 0.45454545454545453 0 0 0.36363636363636365 0 0.36363636363636365 0.45454545454545453 0.45454545454545453 0.45454545454545453 0 0 0 0 0 0.18181818181818182
0.36363636363636365 0.36363636363636365 0 0 0.45454545454545453 0.36363636363636365 0 0.36363636363636365 0.36363636363636365 1 0 0.45454545454545453 0 0 0.2727272727272727 0 0.36363636363636365 0.6363636363636364 0.36363636363636365 0.36363636363636365 0 0 0 0 0 0.45454545454545453
0 0 0.3125 0.3125 0 0 0.4375 0 0 0 1 0 0.875 0 0 0 0 0 0 0 0.4375 0.75 0 0.375 0.375 0
0.18181818181818182 0.18181818181818182 0 0 0.5454545454545454 0.36363636363636365 0 0.36363636363636365 0.45454545454545453 0.45454545454545453 0 1 0 0 0.18181818181818182 0 0.2727272727272727 0.7272727272727273 0.6363636363636364 0.18181818181818182 0 0 0 0 0 0.5454545454545454
0 0 0.375 0.375 0 0 0.5 0 0 0 0.875 0 1 0 0 0 0 0 0 0 0.4375 0.625 0 0.375 0.375 0
0 0 0 0 0 0 0 0 0 0 0 0 0 1 0 0.4 0 0 0 0 0 0 0.9333333333333333 0 0 0
0.5454545454545454 0.45454545454545453 0 0 0.2727272727272727 0.6363636363636364 0 0.36363636363636365 0.36363636363636365 0.2727272727272727 0 0.18181818181818182 0 0 1 0 0.45454545454545453 0.2727272727272727 0.2727272727272727 0.36363636363636365 0 0 0 0 0 0.36363636363636365
0 0 0 0 0 0 0 0 0 0 0 0 0 0.4 0 1 0 0 0 0 0 0 0.4 0 0 0
0.5454545454545454 0.45454545454545453 0 0 0.36363636363636365 0.45454545454545453 0 0.8181818181818182 0.36363636363636365 0.36363636363636365 0 0.2727272727272727 0 0 0.45454545454545453 0 1 0.2727272727272727 0.45454545454545453 0.45454545454545453 0 0 0 0 0 0.09090909090909091
0.36363636363636365 0.36363636363636365 0 0 0.5454545454545454 0.45454545454545453 0 0.36363636363636365 0.45454545454545453 0.6363636363636364 0 0.7272727272727273 0 0 0.2727272727272727 0 0.2727272727272727 1 0.45454545454545453 0.36363636363636365 0 0 0 0 0 0.45454545454545453
0.45454545454545453 0.36363636363636365 0 0 0.36363636363636365 0.2727272727272727 0 0.5454545454545454 0.45454545454545453 0.36363636363636365 0 0.6363636363636364 0 0 0.2727272727272727 0 0.45454545454545453 0.45454545454545453 1 0.36363636363636365 0 0 0 0 0 0.45454545454545453
0.8181818181818182 0.9090909090909091 0 0 0.45454545454545453 0.5454545454545454 0 0.6363636363636364 0.45454545454545453 0.36363636363636365 0 0.18181818181818182 0 0 0.36363636363636365 0 0.45454545454545453 0.36363636363636365 0.36363636363636365 1 0 0 0 0 0 0.45454545454545453
0 0 0.5625 0.5 0 0 0.5 0 0 0 0.4375 0 0.4375 0 0 0 0 0 0 0 1 0.375 0 0.875 0.875 0
0 0 0.125 0.125 0 0 0.375 0 0 0 0.75 0 0.625 0 0 0 0 0 0 0 0.375 1 0 0.4375 0.375 0
0 0 0 0 0 0 0 0 0 0 0 0 0 0.9333333333333333 0 0.4 0 0 0 0 0 0 1 0 0 0
0 0 0.4375 0.4375 0 0 0.5 0 0 0 0.375 0 0.375 0 0 0 0 0 0 0 0.875 0.4375 0 1 0.9375 0
0 0 0.4375 0.4375 0 0 0.5 0 0 0 0.375 0 0.375 0 0 0 0 0 0 0 0.875 0.375 0 0.9375 1 0
0.5454545454545454 0.5454545454545454 0 0 0.2727272727272727 0.45454545454545453 0 0.2727272727272727 0.18181818181818182 0.45454545454545453 0 0.5454545454545454 0 0 0.36363636363636365 0 0.09090909090909091 0.45454545454545453 0.45454545454545453 0.45454545454545453 0 0 0 0 0 1
Generation 5
1000110110110111111100001001101000010111100001110001010111011101101 0.8259000182151794 0.6336905594305559
1000110110110111111100001110001100010000000001110001010111011100101 0.8141000270843506 0.6394385667280718
0100001110010111001110110001111010101100111111110001010111010100110 0.8116999864578247 0.6777694886922836
0001000111000111110110111110110000100100101100100100101010010100101 0.8051999807357788 0.7085759830474854
0100001110010111001110110001111010101100111111110001010111010101100 0.8012999892234802 0.669085491001606
1100000011010111100000001001011011010100100001101011101010001111101 0.7982000112533569 0.6269498270208185
1100110011111110011110010101010110001011111001100001011110100101101 0.7972999811172485 0.6088472583077171
0000001110010111001110110001111010101100111111110001010010010101101 0.7908999919891357 0.664355993270874
1100000011010111100110111000110000101100111111111100010110000101101 0.7890999913215637 0.6805987425148488
1000110111110111111100001110001100010000000001110000101010001101101 0.7874000072479248 0.595560732754794
1100110011111110011110010101010110110001111110100101101010101100101 0.7815999984741211 0.6936699986457824
0001100111000111110110111111000110001011111001100001011110100100101 0.7770000100135803 0.7024080090522766
1100001011010111100000001001011010101100111111110001010111010100111 0.7741000056266785 0.6425030046701431
1100001011010111100000001001011011010100100001101011101010001010111 0.7657999992370605 0.6042858175797896
0000000000000110101001001001101000010111100001101100001101011110111 0.7574999928474426 0.6142636305635626
1100110011111110011110010101010110110001111110100101011010101011101 0.7555000185966492 0.6497300159931183
1100000011010111100110111110110001100100101100100100101010001011101 0.7542999982833862 0.5979541804573753
1100110011111110011110010100010000100100111100100100101010110011101 0.7531999945640564 0.5998210865801031
1100110011111110011110010101010110110001111110100101010110111011101 0.7519999742507935 0.6429599779844284
0001000111000111110110111110110011100100101100100100101010000011101 0.7458999752998352 0.6603701114654541
0100001001011000001101111010101110001011111001100001001010110101011 0.7401999831199646 0.613693076914007
0101101110000111100010011110000011011100100100011010001000001100101 0.7364000082015991 0.6833792076110841
0001000111000111110110111110111000100100101100100100101010010000101 0.7351999878883362 0.650897055943807
1000110111000000111010111111001000100011100001110000111111001101001 0.7329000234603882 0.5809898367795078
1100000011010111100110111110110000010100011001111100001010001011101 0.7315999865531921 0.571978171305223
0100001110010111001110110001111010101100110100110100110011001101001 0.73089998960495 0.5794043553959239
1 0.9090909090909091 0 0 0 0.36363636363636365 0.7272727272727273 0 0 0.7272727272727273 0 0 0 0.36363636363636365 0.36363636363636365 0 0.18181818181818182 0.2727272727272727 0 0 0.5454545454545454 0 0 0.5454545454545454 0.36363636363636365 0.45454545454545453
0.9090909090909091 1 0 0 0 0.36363636363636365 0.6363636363636364 0 0 0.6363636363636364 0 0 0 0.36363636363636365 0.36363636363636365 0 0.18181818181818182 0.2727272727272727 0 0 0.45454545454545453 0 0 0.45454545454545453 0.36363636363636365 0.36363636363636365
0 0 1 0 0.9375 0 0 0.8125 0.5 0 0.25 0 0.9375 0 0 0.3125 0 0 0.375 0 0 0 0 0 0 0
0 0 0 1 0 0 0 0 0 0 0 0.6666666666666666 0 0 0 0 0 0 0 0.9333333333333333 0 0.4666666666666667 0.9333333333333333 0 0 0
0 0 0.9375 0 1 0 0 0.875 0.5625 0 0.1875 0 0.875 0 0 0.3125 0 0 0.375 0 0 0 0 0 0 0
0.36363636363636365 0.36363636363636365 0 0 0 1 0.45454545454545453 0 0 0.45454545454545453 0 0 0 0.8181818181818182 0.45454545454545453 0 0.5454545454545454 0.36363636363636365 0 0 0.2727272727272727 0 0 0.36363636363636365 0.5454545454545454 0.36363636363636365
0.7272727272727273 0.6363636363636364 0 0 0 0.45454545454545453 1 0 0 0.5454545454545454 0 0 0 0.45454545454545453 0.36363636363636365 0 0.36363636363636365 0.5454545454545454 0 0 0.6363636363636364 0 0 0.45454545454545453 0.45454545454545453 0.2727272727272727
0 0 0.8125 0 0.875 0 0 1 0.5625 0 0.25 0 0.75 0 0 0.375 0 0 0.375 0 0 0 0 0 0 0
0 0 0.5 0 0.5625 0 0 0.5625 1 0 0.3125 0 0.5625 0 0 0.4375 0 0 0.5 0 0 0 0 0 0 0
0.7272727272727273 0.6363636363636364 0 0 0 0.45454545454545453 0.5454545454545454 0 0 1 0 0 0 0.45454545454545453 0.36363636363636365 0 0.36363636363636365 0.45454545454545453 0 0 0.36363636363636365 0 0 0.8181818181818182 0.36363636363636365 0.5454545454545454
0 0 0.25 0 0.1875 0 0 0.25 0.3125 0 1 0 0.3125 0 0 0.8125 0 0 0.6875 0 0 0 0 0 0 0
0 0 0 0.6666666666666666 0 0 0 0 0 0 0 1 0 0 0 0 0 0 0 0.6 0 0.5333333333333333 0.6 0 0 0
0 0 0.9375 0 0.875 0 0 0.75 0.5625 0 0.3125 0 1 0 0 0.375 0 0 0.4375 0 0 0 0 0 0 0
0.36363636363636365 0.36363636363636365 0 0 0 0.8181818181818182 0.45454545454545453 0 0 0.45454545454545453 0 0 0 1 0.36363636363636365 0 0.45454545454545453 0.36363636363636365 0 0 0.36363636363636365 0 0 0.36363636363636365 0.45454545454545453 0.45454545454545453
0.36363636363636365 0.36363636363636365 0 0 0 0.45454545454545453 0.36363636363636365 0 0 0.36363636363636365 0 0 0 0.36363636363636365 1 0 0.45454545454545453 0.36363636363636365 0 0 0.2727272727272727 0 0 0.36363636363636365 0.6363636363636364 0.36363636363636365
0 0 0.3125 0 0.3125 0 0 0.375 0.4375 0 0.8125 0 0.375 0 0 1 0 0 0.875 0 0 0 0 0 0 0
0.18181818181818182 0.18181818181818182 0 0 0 0.5454545454545454 0.36363636363636365 0 0 0.36363636363636365 0 0 0 0.45454545454545453 0.45454545454545453 0 1 0.8181818181818182 0 0 0.18181818181818182 0 0 0.2727272727272727 0.7272727272727273 0.6363636363636364
0.2727272727272727 0.2727272727272727 0 0 0 0.36363636363636365 0.5454545454545454 0 0 0.45454545454545453 0 0 0 0.36363636363636365 0.36363636363636365 0 0.8181818181818182 1 0 0 0.18181818181818182 0 0 0.36363636363636365 0.5454545454545454 0.5454545454545454
0 0 0.375 0 0.375 0 0 0.375 0.5 0 0.6875 0 0.4375 0 0 0.875 0 0 1 0 0 0 0 0 0 0
0 0 0 0.9333333333333333 0 0 0 0 0 0 0 0.6 0 0 0 0 0 0 0 1 0 0.4 0.9333333333333333 0 0 0
0.5454545454545454 0.45454545454545453 0 0 0 0.2727272727272727 0.6363636363636364 0 0 0.36363636363636365 0 0 0 0.36363636363636365 0.2727272727272727 0 0.18181818181818182 0.18181818181818182 0 0 1 0 0 0.45454545454545453 0.2727272727272727 0.2727272727272727
0 0 0 0.4666666666666667 0 0 0 0 0 0 0 0.5333333333333333 0 0 0 0 0 0 0 0.4 0 1 0.4 0 0 0
0 0 0 0.9333333333333333 0 0 0 0 0 0 0 0.6 0 0 0 0 0 0 0 0.9333333333333333 0 0.4 1 0 0 0
0.5454545454545454 0.45454545454545453 0 0 0 0.36363636363636365 0.45454545454545453 0 0 0.8181818181818182 0 0 0 0.36363636363636365 0.36363636363636365 0 0.2727272727272727 0.36363636363636365 0 0 0.45454545454545453 0 0 1 0.2727272727272727 0.45454545454545453
0.36363636363636365 0.36363636363636365 0 0 0 0.5454545454545454 0.45454545454545453 0 0 0.36363636363636365 0 0 0 0.45454545454545453 0.6363636363636364 0 0.7272727272727273 0.5454545454545454 0 0 0.2727272727272727 0 0 0.2727272727272727 1 0.45454545454545453
0.45454545454545453 0.36363636363636365 0 0 0 0.36363636363636365 0.2727272727272727 0 0 0.5454545454545454 0 0 0 0.45454545454545453 0.36363636363636365 0 0.6363636363636364 0.5454545454545454 0 0 0.2727272727272727 0 0 0.45454545454545453 0.45454545454545453 1
Generation 6
1000110110110111111100001001101000010111100001110001010111011101101 0.8259000182151794 0.6577167417786338
1000110110110111111100001110001100010000000001110001010111011100101 0.8141000270843506 0.6542403854023328
0100001110010111001110110001111010101100111111110001010111010100110 0.8116999864578247 0.6534184890985488
0001000111000111110110111110110000100100101100100100101010010100101 0.8051999807357788 0.7343423824310303
1100001011010111100000001001011011010100100001101010010110001101101 0.8044999837875366 0.6377490780570291
0100001110010111001110110001111010101100111111110001010111010101100 0.8012999892234802 0.6430432413518429
1100000011010111100000001001011011010100100001101011101010001111101 0.7982000112533569 0.6414625544981524
1100110011111110011110010101010110001011111001100001011110100101101 0.7972999811172485 0.6262428942593661
1101100111000111100100111011000110001011111001100000011110100100101 0.7960000038146973 0.7344426701863607
0100001110010111110110111111000110001011111101100001011110101100101 0.7940999865531921 0.6352799892425538
0000001110010111001110110001111010101100111111110001010010010101101 0.7908999919891357 0.6346972435712814
1100000011010111100110111000110000101100111111111100010110000101101 0.7890999913215637 0.6411437429487705
0001000111000111110110111111111010101100111111110001010111010100101 0.7882999777793884 0.7882999777793884
1000110111110111111100001110001100010000000001110000101010001101101 0.7874000072479248 0.6356465513055976
1100110011111110011110010101010110110001111110100101101010101100101 0.7815999984741211 0.6526359987258911
0001100111000111110110111111000110001011111001100001011110100100101 0.7770000100135803 0.712768009185791
1100001011010111100000001001011010101100111111110001010111010100111 0.7741000056266785 0.6154095044732094
0000000011010111110110111100110000101100111111111101011010000101101 0.767799973487854 0.610400978922844
1100001011010111100000001001011011010100100001101011101010001010111 0.7657999992370605 0.6154247266596015
1100110011111110011110010101010110110001111110100101001010101011101 0.7646999955177307 0.6232304963469505
0000000000000110101001001001101000010111100001101100001101011110111 0.7574999928474426 0.6390545394203879
1100110011111110011110010101010110110001111110100101011010101011101 0.7555000185966492 0.6044000148773194
1100000011010111100110111110110001100100101100100100101010001011101 0.7542999982833862 0.6308690894733776
1100110011111110011110010100010000100100111100100100101010110011101 0.7531999945640564 0.6326879954338074
1100110011111110011110010101010110110001111110100101010110111011101 0.7519999742507935 0.6034799793362617
0001000111000111110110111110110011100100101100100100101010000011101 0.7458999752998352 0.6842389106750488
1 0.9090909090909091 0 0 0.5454545454545454 0 0.36363636363636365 0.7272727272727273 0 0.6363636363636364 0 0 0 0.7272727272727273 0 0 0 0 0.36363636363636365 0 0.36363636363636365 0 0.18181818181818182 0.2727272727272727 0 0
0.9090909090909091 1 0 0 0.45454545454545453 0 0.36363636363636365 0.6363636363636364 0 0.7272727272727273 0 0 0 0.6363636363636364 0 0 0 0 0.36363636363636365 0 0.36363636363636365 0 0.18181818181818182 0.2727272727272727 0 0
0 0 1 0 0 0.9375 0 0 0 0 0.8125 0.5 0 0 0.25 0 0.9375 0.5 0 0.25 0 0.3125 0 0 0.375 0
0 0 0 1 0 0 0 0 0.6 0 0 0 0 0 0 0.6666666666666666 0 0 0 0 0 0 0 0 0 0.9333333333333333
0.5454545454545454 0.45454545454545453 0 0 1 0 0.6363636363636364 0.6363636363636364 0 0.6363636363636364 0 0 0 0.45454545454545453 0 0 0 0 0.7272727272727273 0 0.45454545454545453 0 0.36363636363636365 0.2727272727272727 0 0
0 0 0.9375 0 0 1 0 0 0 0 0.875 0.5625 0 0 0.1875 0 0.875 0.5625 0 0.25 0 0.3125 0 0 0.375 0
0.36363636363636365 0.36363636363636365 0 0 0.6363636363636364 0 1 0.45454545454545453 0 0.45454545454545453 0 0 0 0.45454545454545453 0 0 0 0 0.8181818181818182 0 0.45454545454545453 0 0.5454545454545454 0.36363636363636365 0 0
0.7272727272727273 0.6363636363636364 0 0 0.6363636363636364 0 0.45454545454545453 1 0 0.6363636363636364 0 0 0 0.5454545454545454 0 0 0 0 0.45454545454545453 0 0.36363636363636365 0 0.36363636363636365 0.5454545454545454 0 0
0 0 0 0.6 0 0 0 0 1 0 0 0 0 0 0 0.8 0 0 0 0 0 0 0 0 0 0.5333333333333333
0.6363636363636364 0.7272727272727273 0 0 0.6363636363636364 0 0.45454545454545453 0.6363636363636364 0 1 0 0 0 0.36363636363636365 0 0 0 0 0.5454545454545454 0 0.36363636363636365 0 0.36363636363636365 0.2727272727272727 0 0
0 0 0.8125 0 0 0.875 0 0 0 0 1 0.5625 0 0 0.25 0 0.75 0.625 0 0.3125 0 0.375 0 0 0.375 0
0 0 0.5 0 0 0.5625 0 0 0 0 0.5625 1 0 0 0.3125 0 0.5625 0.875 0 0.375 0 0.4375 0 0 0.5 0
0 0 0 0 0 0 0 0 0 0 0 0 1 0 0 0 0 0 0 0 0 0 0 0 0 0
0.7272727272727273 0.6363636363636364 0 0 0.45454545454545453 0 0.45454545454545453 0.5454545454545454 0 0.36363636363636365 0 0 0 1 0 0 0 0 0.45454545454545453 0 0.36363636363636365 0 0.36363636363636365 0.45454545454545453 0 0
0 0 0.25 0 0 0.1875 0 0 0 0 0.25 0.3125 0 0 1 0 0.3125 0.4375 0 0.875 0 0.8125 0 0 0.6875 0
0 0 0 0.6666666666666666 0 0 0 0 0.8 0 0 0 0 0 0 1 0 0 0 0 0 0 0 0 0 0.6
0 0 0.9375 0 0 0.875 0 0 0 0 0.75 0.5625 0 0 0.3125 0 1 0.5625 0 0.3125 0 0.375 0 0 0.4375 0
0 0 0.5 0 0 0.5625 0 0 0 0 0.625 0.875 0 0 0.4375 0 0.5625 1 0 0.5 0 0.5625 0 0 0.5 0
0.36363636363636365 0.36363636363636365 0 0 0.7272727272727273 0 0.8181818181818182 0.45454545454545453 0 0.5454545454545454 0 0 0 0.45454545454545453 0 0 0 0 1 0 0.36363636363636365 0 0.45454545454545453 0.36363636363636365 0 0
0 0 0.25 0 0 0.25 0 0 0 0 0.3125 0.375 0 0 0.875 0 0.3125 0.5 0 1 0 0.9375 0 0 0.8125 0
0.36363636363636365 0.36363636363636365 0 0 0.45454545454545453 0 0.45454545454545453 0.36363636363636365 0 0.36363636363636365 0 0 0 0.36363636363636365 0 0 0 0 0.36363636363636365 0 1 0 0.45454545454545453 0.36363636363636365 0 0
0 0 0.3125 0 0 0.3125 0 0 0 0 0.375 0.4375 0 0 0.8125 0 0.375 0.5625 0 0.9375 0 1 0 0 0.875 0
0.18181818181818182 0.18181818181818182 0 0 0.36363636363636365 0 0.5454545454545454 0.36363636363636365 0 0.36363636363636365 0 0 0 0.36363636363636365 0 0 0 0 0.45454545454545453 0 0.45454545454545453 0 1 0.8181818181818182 0 0
0.2727272727272727 0.2727272727272727 0 0 0.2727272727272727 0 0.36363636363636365 0.5454545454545454 0 0.2727272727272727 0 0 0 0.45454545454545453 0 0 0 0 0.36363636363636365 0 0.36363636363636365 0 0.8181818181818182 1 0 0
0 0 0.375 0 0 0.375 0 0 0 0 0.375 0.5 0 0 0.6875 0 0.4375 0.5 0 0.8125 0 0.875 0 0 1 0
0 0 0 0.9333333333333333 0 0 0 0 0.5333333333333333 0 0 0 0 0 0 0.6 0 0 0 0 0 0 0 0 0 1
Generation 7
1000110110110111111100001001101000010111100001110001010111011101101 0.8259000182151794 0.6637232873656533
1100110011111110011110010101011000010111100001101100001010101100110 0.8154000043869019 0.6879010946100408
1000110110110111111100001110001100010000000001110001010111011100101 0.8141000270843506 0.660161112872037
0100001110010111001110110001111010101100111111110001010111010100110 0.8116999864578247 0.6696524888277053
0001000111000111110110111110110000100100101100100100101010010100101 0.8051999807357788 0.7386367823282878
1100001011010111100000001001011011010100100001101010010110001101101 0.8044999837875366 0.6553018049760299
0100001110010111001110110001111010101100111111110001010111010101100 0.8012999892234802 0.6570659911632538
1100000011010111100000001001011011010100100001101011101010001111101 0.7982000112533569 0.6850007369301536
1100110011111110011110010101010110001011111001100001011110100101101 0.7972999811172485 0.640739257552407
1101100111000111100100111011000110001011111001100000011110100100101 0.7960000038146973 0.7301973368326823
0100001110010111110110111111000110001011111101100001011110101100101 0.7940999865531921 0.649718170816248
0000001110010111001110110001111010101100111111110001010010010101101 0.7908999919891357 0.6544697433710098
1100000011010111100110111000110000101100111111111100010110000101101 0.7890999913215637 0.6687622426450253
0001000111000111110110111111111010101100111111110001010111010100101 0.7882999777793884 0.6937039804458618
1000110111110111111100001110001100010000000001110000101010001101101 0.7874000072479248 0.658552733334628
1100110011111110011110010101010110110001111110100101101010101100101 0.7815999984741211 0.7053939986228943
1101100111000111100100111011001010101100111111110000011110100100101 0.7809000015258789 0.6950010013580322
1100110011111110011110010101010110110000111111100101101011010101100 0.7799000144004822 0.6687642623484135
1101100011010111100000111011000110001011110011101000010110100100101 0.7775999903678894 0.7013951913118363
0001100111000111110110111111000110001011111001100001011110100100101 0.7770000100135803 0.7044800090789795
0001000111000111110100111111111010101100111111110001010111010100101 0.7746000289916992 0.6800988254547119
1100001011010111100000001001011010101100111111110001010111010100111 0.7741000056266785 0.6347620046138764
0001100111000011110110111001111010101100111111110001010111000100100 0.7698000073432922 0.6820428065061569
1100001101000111100100001001011011010100100001100010011110001101101 0.76910001039505 0.6404505541107871
0101000111000111110110111101110110001011111000100001010111010100101 0.7681999802589417 0.6965013154347738
0000000011010111110110111100110000101100111111111101011010000101101 0.767799973487854 0.6411129778623581
1 0.45454545454545453 0.9090909090909091 0 0 0.5454545454545454 0 0.36363636363636365 0.7272727272727273 0 0.6363636363636364 0 0 0 0.7272727272727273 0 0 0 0 0 0 0 0 0.5454545454545454 0 0
0.45454545454545453 1 0.5454545454545454 0 0 0.5454545454545454 0 0.45454545454545453 0.6363636363636364 0 0.45454545454545453 0 0 0 0.45454545454545453 0 0 0 0 0 0 0 0 0.36363636363636365 0 0
0.9090909090909091 0.5454545454545454 1 0 0 0.45454545454545453 0 0.36363636363636365 0.6363636363636364 0 0.7272727272727273 0 0 0 0.6363636363636364 0 0 0 0 0 0 0 0 0.45454545454545453 0 0
0 0 0 1 0 0 0.9375 0 0 0 0 0.8125 0.5 0 0 0.25 0 0.4375 0 0 0 0.9375 0 0 0 0.5
0 0 0 0 1 0 0 0 0 0.6 0 0 0 0 0 0 0 0 0 0.6666666666666666 0 0 0 0 0.8 0
0.5454545454545454 0.5454545454545454 0.45454545454545453 0 0 1 0 0.6363636363636364 0.6363636363636364 0 0.6363636363636364 0 0 0 0.45454545454545453 0 0 0 0 0 0 0 0 0.7272727272727273 0 0
0 0 0 0.9375 0 0 1 0 0 0 0 0.875 0.5625 0 0 0.1875 0 0.5 0 0 0 0.875 0 0 0 0.5625
0.36363636363636365 0.45454545454545453 0.36363636363636365 0 0 0.6363636363636364 0 1 0.45454545454545453 0 0.45454545454545453 0 0 0 0.45454545454545453 0 0 0 0 0 0 0 0 0.36363636363636365 0 0
0.7272727272727273 0.6363636363636364 0.6363636363636364 0 0 0.6363636363636364 0 0.45454545454545453 1 0 0.6363636363636364 0 0 0 0.5454545454545454 0 0 0 0 0 0 0 0 0.6363636363636364 0 0
0 0 0 0 0.6 0 0 0 0 1 0 0 0 0 0 0 0 0 0 0.8 0 0 0 0 0.6666666666666666 0
0.6363636363636364 0.45454545454545453 0.7272727272727273 0 0 0.6363636363636364 0 0.45454545454545453 0.6363636363636364 0 1 0 0 0 0.36363636363636365 0 0 0 0 0 0 0 0 0.6363636363636364 0 0
0 0 0 0.8125 0 0 0.875 0 0 0 0 1 0.5625 0 0 0.25 0 0.4375 0 0 0 0.75 0 0 0 0.625
0 0 0 0.5 0 0 0.5625 0 0 0 0 0.5625 1 0 0 0.3125 0 0.4375 0 0 0 0.5625 0 0 0 0.875
0 0 0 0 0 0 0 0 0 0 0 0 0 1 0 0 0.65 0 0.55 0 0.95 0 0.85 0 0 0
0.7272727272727273 0.45454545454545453 0.6363636363636364 0 0 0.45454545454545453 0 0.45454545454545453 0.5454545454545454 0 0.36363636363636365 0 0 0 1 0 0 0 0 0 0 0 0 0.45454545454545453 0 0
0 0 0 0.25 0 0 0.1875 0 0 0 0 0.25 0.3125 0 0 1 0 0.6875 0 0 0 0.3125 0 0 0 0.4375
0 0 0 0 0 0 0 0 0 0 0 0 0 0.65 0 0 1 0 0.75 0 0.7 0 0.65 0 0 0
0 0 0 0.4375 0 0 0.5 0 0 0 0 0.4375 0.4375 0 0 0.6875 0 1 0 0 0 0.5 0 0 0 0.5625
0 0 0 0 0 0 0 0 0 0 0 0 0 0.55 0 0 0.75 0 1 0 0.6 0 0.55 0 0 0
0 0 0 0 0.6666666666666666 0 0 0 0 0.8 0 0 0 0 0 0 0 0 0 1 0 0 0 0 0.8666666666666667 0
0 0 0 0 0 0 0 0 0 0 0 0 0 0.95 0 0 0.7 0 0.6 0 1 0 0.8 0 0 0
0 0 0 0.9375 0 0 0.875 0 0 0 0 0.75 0.5625 0 0 0.3125 0 0.5 0 0 0 1 0 0 0 0.5625
0 0 0 0 0 0 0 0 0 0 0 0 0 0.85 0 0 0.65 0 0.55 0 0.8 0 1 0 0 0
0.5454545454545454 0.36363636363636365 0.45454545454545453 0 0 0.7272727272727273 0 0.36363636363636365 0.6363636363636364 0 0.6363636363636364 0 0 0 0.45454545454545453 0 0 0 0 0 0 0 0 1 0 0
0 0 0 0 0.8 0 0 0 0 0.6666666666666666 0 0 0 0 0 0 0 0 0 0.8666666666666667 0 0 0 0 1 0
0 0 0 0.5 0 0 0.5625 0 0 0 0 0.625 0.875 0 0 0.4375 0 0.5625 0 0 0 0.5625 0 0 0 1
Generation 8
1100110011011110011110101001111010101100111101110001001010100100100 0.8327999711036682 0.599615979194641
1000110110110111111100001001101000010111100001110001010111011101101 0.8259000182151794 0.5856381947343999
1100001011010111100000001001011011010100100001110000010111001101101 0.8187000155448914 0.5924411021579395
1100110011111110011110010101011000010111100001101100001010101100110 0.8154000043869019 0.6285992761091753
1000110110110111111100001110001100010000000001110001010111011100101 0.8141000270843506 0.580231292031028
1000110110110111111100001001101000010111100001101011010110011101101 0.8126000165939331 0.5939367394013839
0100001110010111001110110001111010101100111111110001010111010100110 0.8116999864578247 0.6879157385230065
0000001110010111001110110001111010001011111001110001011110100100101 0.8084999918937683 0.5821199941635131
0001000111000111110110111110110000100100101100100100101010010100101 0.8051999807357788 0.762255981763204
1100001011010111100000001001011011010100100001101010010110001101101 0.8044999837875366 0.593867260759527
0100001110010111001110110001111010101100111111110001010111010101100 0.8012999892234802 0.6770984908938408
1100000011010111100000001001011011010100100001101011101010001111101 0.7982000112533569 0.632754918011752
1100110011111110011110010101010110001011111001100001011110100101101 0.7972999811172485 0.5798545317216354
0001000111000111110110111111111010010100100001101011101010011100101 0.7972999811172485 0.7547773154576619
1101100111000111100100111011000110001011111001100000011110100100101 0.7960000038146973 0.7577920036315917
0001000011000111110110111111111010101100111111110011010111000100101 0.7957000136375427 0.7224956123828888
0100001110010111110110111111000110001011111101100001011110101100101 0.7940999865531921 0.5833025355772539
0000001110010111001110110001111010101100111111110001010010010101101 0.7908999919891357 0.6702877432107925
1100000011010111100110111000110000101100111111111100010110000101101 0.7890999913215637 0.6825714924931526
0001000111000111110110111111111010101100111111110001010111010100101 0.7882999777793884 0.706316780090332
1100000011010111100000001001011011101100111111110101010111000111100 0.7882000207901001 0.6679995176196099
1000110111110111111100001110001100010000000001110000101010001101101 0.7874000072479248 0.6012872782620517
1100000011010111100000001001011010100100111111110001010010000111101 0.7865999937057495 0.6666434946656228
0101000111000111110110111101110110001011111110100001010111011100101 0.786300003528595 0.7108152031898499
0001000111000111110101111111111010101100111111110001010111011100100 0.7822999954223633 0.704069995880127
1100110011111110011110010101010110110001111110100101101010101100101 0.7815999984741211 0.7307959985733032
1 0.7272727272727273 0.6363636363636364 0.6363636363636364 0.8181818181818182 0.5454545454545454 0 0.7272727272727273 0 0.5454545454545454 0 0.45454545454545453 0.7272727272727273 0 0 0 0.6363636363636364 0 0 0 0 0.5454545454545454 0 0 0 0
0.7272727272727273 1 0.6363636363636364 0.45454545454545453 0.9090909090909091 0.8181818181818182 0 0.7272727272727273 0 0.5454545454545454 0 0.36363636363636365 0.7272727272727273 0 0 0 0.6363636363636364 0 0 0 0 0.7272727272727273 0 0 0 0
0.6363636363636364 0.6363636363636364 1 0.5454545454545454 0.5454545454545454 0.5454545454545454 0 0.7272727272727273 0 0.8181818181818182 0 0.5454545454545454 0.6363636363636364 0 0 0 0.6363636363636364 0 0 0 0 0.6363636363636364 0 0 0 0
0.6363636363636364 0.45454545454545453 0.5454545454545454 1 0.5454545454545454 0.5454545454545454 0 0.45454545454545453 0 0.5454545454545454 0 0.45454545454545453 0.6363636363636364 0 0 0 0.45454545454545453 0 0 0 0 0.45454545454545453 0 0 0 0
0.8181818181818182 0.9090909090909091 0.5454545454545454 0.5454545454545454 1 0.7272727272727273 0 0.8181818181818182 0 0.45454545454545453 0 0.36363636363636365 0.6363636363636364 0 0 0 0.7272727272727273 0 0 0 0 0.6363636363636364 0 0 0 0
0.5454545454545454 0.8181818181818182 0.5454545454545454 0.5454545454545454 0.7272727272727273 1 0 0.5454545454545454 0 0.6363636363636364 0 0.5454545454545454 0.6363636363636364 0 0 0 0.5454545454545454 0 0 0 0 0.6363636363636364 0 0 0 0
0 0 0 0 0 0 1 0 0 0 0.9375 0 0 0 0 0 0 0.8125 0.5 0 0.6875 0 0.625 0 0 0.25
0.7272727272727273 0.7272727272727273 0.7272727272727273 0.45454545454545453 0.8181818181818182 0.5454545454545454 0 1 0 0.6363636363636364 0 0.45454545454545453 0.5454545454545454 0 0 0 0.9090909090909091 0 0 0 0 0.45454545454545453 0 0 0 0
0 0 0 0 0 0 0 0 1 0 0 0 0 0.7333333333333333 0.6 0 0 0 0 0 0 0 0 0 0 0
0.5454545454545454 0.5454545454545454 0.8181818181818182 0.5454545454545454 0.45454545454545453 0.6363636363636364 0 0.6363636363636364 0 1 0 0.6363636363636364 0.6363636363636364 0 0 0 0.6363636363636364 0 0 0 0 0.45454545454545453 0 0 0 0
0 0 0 0 0 0 0.9375 0 0 0 1 0 0 0 0 0 0 0.875 0.5625 0 0.6875 0 0.625 0 0 0.1875
0.45454545454545453 0.36363636363636365 0.5454545454545454 0.45454545454545453 0.36363636363636365 0.5454545454545454 0 0.45454545454545453 0 0.6363636363636364 0 1 0.45454545454545453 0 0 0 0.45454545454545453 0 0 0 0 0.45454545454545453 0 0 0 0
0.7272727272727273 0.7272727272727273 0.6363636363636364 0.6363636363636364 0.6363636363636364 0.6363636363636364 0 0.5454545454545454 0 0.6363636363636364 0 0.45454545454545453 1 0 0 0 0.6363636363636364 0 0 0 0 0.5454545454545454 0 0 0 0
0 0 0 0 0 0 0 0 0.7333333333333333 0 0 0 0 1 0.6 0 0 0 0 0 0 0 0 0 0 0
0 0 0 0 0 0 0 0 0.6 0 0 0 0 0.6 1 0 0 0 0 0 0 0 0 0 0 0
0 0 0 0 0 0 0 0 0 0 0 0 0 0 0 1 0 0 0 0.85 0 0 0 0.7 0.75 0
0.6363636363636364 0.6363636363636364 0.6363636363636364 0.45454545454545453 0.7272727272727273 0.5454545454545454 0 0.9090909090909091 0 0.6363636363636364 0 0.45454545454545453 0.6363636363636364 0 0 0 1 0 0 0 0 0.36363636363636365 0 0 0 0
0 0 0 0 0 0 0.8125 0 0 0 0.875 0 0 0 0 0 0 1 0.5625 0 0.5625 0 0.75 0 0 0.25
0 0 0 0 0 0 0.5 0 0 0 0.5625 0 0 0 0 0 0 0.5625 1 0 0.75 0 0.6875 0 0 0.3125
0 0 0 0 0 0 0 0 0 0 0 0 0 0 0 0.85 0 0 0 1 0 0 0 0.85 0.9 0
0 0 0 0 0 0 0.6875 0 0 0 0.6875 0 0 0 0 0 0 0.5625 0.75 0 1 0 0.8125 0 0 0.3125
0.5454545454545454 0.7272727272727273 0.6363636363636364 0.45454545454545453 0.6363636363636364 0.6363636363636364 0 0.45454545454545453 0 0.45454545454545453 0 0.45454545454545453 0.5454545454545454 0 0 0 0.36363636363636365 0 0 0 0 1 0 0 0 0
0 0 0 0 0 0 0.625 0 0 0 0.625 0 0 0 0 0 0 0.75 0.6875 0 0.8125 0 1 0 0 0.3125
0 0 0 0 0 0 0 0 0 0 0 0 0 0 0 0.7 0 0 0 0.85 0 0 0 1 0.85 0
0 0 0 0 0 0 0 0 0 0 0 0 0 0 0 0.75 0 0 0 0.9 0 0 0 0.85 1 0
0 0 0 0 0 0 0.25 0 0 0 0.1875 0 0 0 0 0 0 0.25 0.3125 0 0.3125 0 0.3125 0 0 1
Generation 9
1100110011011110011110101001111010101100111101110001001010100100100 0.8327999711036682 0.6177861603823576
1000110110110111111100001001101000010111100001110001010111011101101 0.8259000182151794 0.6096643770824779
1100001011010111100000001001011011010100100001110000010111001101101 0.8187000155448914 0.613280738917264
1100110011111110011110010101011000010111100001101100001010101100110 0.8154000043869019 0.6434247307343917
1000110110110111111100001110001100010000000001110001010111011100101 0.8141000270843506 0.6009538381749934
1000110110110111111100001001101000010111100001101011010110011101101 0.8126000165939331 0.6146211034601384
1100001110010111001110110001111010101101111111110001010111010100101 0.8118000030517578 0.6372630023956299
0000001110010111001110110001111010001011111001110001011110100100101 0.8084999918937683 0.5968199940161272
1100000011000111110110111111111010101100111111110011011111000100101 0.8080000281333923 0.6686200232803822
0001000011010111100000001001011011101100111111110101010111000111100 0.8054999709129333 0.784556971669197
0001000111000111110110111110110000100100101100100100101010010100101 0.8051999807357788 0.7386367823282878
1100000011010111100110110000110000101100111111110001010110010100101 0.8046000003814697 0.6275880002975464
1100001011010111100000001001011011010100100001101010010110001101101 0.8044999837875366 0.6084945331920277
1100100011111110011110010101010110101100111111110001010110101100101 0.8019000291824341 0.6535485237836838
0100001110010111001110110001111010101100111111110001010111010101100 0.8012999892234802 0.6310237415134906
0001000011000111110110111101111010001100111101101100001010100100100 0.7985000014305115 0.7324906679789225
1100000011010111100000001001011011010100100001101011101010001111101 0.7982000112533569 0.6472676454890858
1000110110110111111100001011101000011100111111110001010111010101100 0.7978000044822693 0.6382400035858155
1100110011111110011110010101010110001011111001100001011110100101101 0.7972999811172485 0.5972501676732843
0001000111000111110110111111111010010100100001101011101010011100101 0.7972999811172485 0.7313898493448894
1101100111000111100100111011000110001011111001100000011110100100101 0.7960000038146973 0.738688003540039
0001000011000111110110111111111010101100111111110011010111000100101 0.7957000136375427 0.7750118132829666
0100001110010111110110111111000110001011111101100001011110101100101 0.7940999865531921 0.5948530808362094
0000001110010111001110110001111010101100111111110001010010010101101 0.7908999919891357 0.6307427436113358
0100110011111110011110010101010110010001111110100101101010111100101 0.7892000079154968 0.7142260071635247
1100000011010111100110111000110000101100111111111100010110000101101 0.7890999913215637 0.6569257427752018
1 0.7272727272727273 0.6363636363636364 0.6363636363636364 0.8181818181818182 0.5454545454545454 0 0.7272727272727273 0 0 0 0 0.5454545454545454 0 0 0 0.45454545454545453 0 0.7272727272727273 0 0 0 0.6363636363636364 0 0 0
0.7272727272727273 1 0.6363636363636364 0.45454545454545453 0.9090909090909091 0.8181818181818182 0 0.7272727272727273 0 0 0 0 0.5454545454545454 0 0 0 0.36363636363636365 0 0.7272727272727273 0 0 0 0.6363636363636364 0 0 0
0.6363636363636364 0.6363636363636364 1 0.5454545454545454 0.5454545454545454 0.5454545454545454 0 0.7272727272727273 0 0 0 0 0.8181818181818182 0 0 0 0.5454545454545454 0 0.6363636363636364 0 0 0 0.6363636363636364 0 0 0
0.6363636363636364 0.45454545454545453 0.5454545454545454 1 0.5454545454545454 0.5454545454545454 0 0.45454545454545453 0 0 0 0 0.5454545454545454 0 0 0 0.45454545454545453 0 0.6363636363636364 0 0 0 0.45454545454545453 0 0 0
0.8181818181818182 0.9090909090909091 0.5454545454545454 0.5454545454545454 1 0.7272727272727273 0 0.8181818181818182 0 0 0 0 0.45454545454545453 0 0 0 0.36363636363636365 0 0.6363636363636364 0 0 0 0.7272727272727273 0 0 0
0.5454545454545454 0.8181818181818182 0.5454545454545454 0.5454545454545454 0.7272727272727273 1 0 0.5454545454545454 0 0 0 0 0.6363636363636364 0 0 0 0.5454545454545454 0 0.6363636363636364 0 0 0 0.5454545454545454 0 0 0
0 0 0 0 0 0 1 0 0.625 0 0 0.8125 0 0.625 0.9375 0 0 0.8125 0 0 0 0 0 0.8125 0.25 0.5
0.7272727272727273 0.7272727272727273 0.7272727272727273 0.45454545454545453 0.8181818181818182 0.5454545454545454 0 1 0 0 0 0 0.6363636363636364 0 0 0 0.45454545454545453 0 0.5454545454545454 0 0 0 0.9090909090909091 0 0 0
0 0 0 0 0 0 0.625 0 1 0 0 0.6875 0 0.5625 0.5625 0 0 0.5625 0 0 0 0 0 0.5 0.25 0.5625
0 0 0 0 0 0 0 0 0 1 0 0 0 0 0 0 0 0 0 0 0 0.65 0 0 0 0
0 0 0 0 0 0 0 0 0 0 1 0 0 0 0 0.7333333333333333 0 0 0 0.7333333333333333 0.6 0 0 0 0 0
0 0 0 0 0 0 0.8125 0 0.6875 0 0 1 0 0.75 0.75 0 0 0.6875 0 0 0 0 0 0.75 0.375 0.6875
0.5454545454545454 0.5454545454545454 0.8181818181818182 0.5454545454545454 0.45454545454545453 0.6363636363636364 0 0.6363636363636364 0 0 0 0 1 0 0 0 0.6363636363636364 0 0.6363636363636364 0 0 0 0.6363636363636364 0 0 0
0 0 0 0 0 0 0.625 0 0.5625 0 0 0.75 0 1 0.5625 0 0 0.5625 0 0 0 0 0 0.5625 0.5 0.5
0 0 0 0 0 0 0.9375 0 0.5625 0 0 0.75 0 0.5625 1 0 0 0.875 0 0 0 0 0 0.875 0.1875 0.5625
0 0 0 0 0 0 0 0 0 0 0.7333333333333333 0 0 0 0 1 0 0 0 0.7333333333333333 0.6 0 0 0 0 0
0.45454545454545453 0.36363636363636365 0.5454545454545454 0.45454545454545453 0.36363636363636365 0.5454545454545454 0 0.45454545454545453 0 0 0 0 0.6363636363636364 0 0 0 1 0 0.45454545454545453 0 0 0 0.45454545454545453 0 0 0
0 0 0 0 0 0 0.8125 0 0.5625 0 0 0.6875 0 0.5625 0.875 0 0 1 0 0 0 0 0 0.75 0.25 0.5
0.7272727272727273 0.7272727272727273 0.6363636363636364 0.6363636363636364 0.6363636363636364 0.6363636363636364 0 0.5454545454545454 0 0 0 0 0.6363636363636364 0 0 0 0.45454545454545453 0 1 0 0 0 0.6363636363636364 0 0 0
0 0 0 0 0 0 0 0 0 0 0.7333333333333333 0 0 0 0 0.7333333333333333 0 0 0 1 0.6 0 0 0 0 0
0 0 0 0 0 0 0 0 0 0 0.6 0 0 0 0 0.6 0 0 0 0.6 1 0 0 0 0 0
0 0 0 0 0 0 0 0 0 0.65 0 0 0 0 0 0 0 0 0 0 0 1 0 0 0 0
0.6363636363636364 0.6363636363636364 0.6363636363636364 0.45454545454545453 0.7272727272727273 0.5454545454545454 0 0.9090909090909091 0 0 0 0 0.6363636363636364 0 0 0 0.45454545454545453 0 0.6363636363636364 0 0 0 1 0 0 0
0 0 0 0 0 0 0.8125 0 0.5 0 0 0.75 0 0.5625 0.875 0 0 0.75 0 0 0 0 0 1 0.25 0.5625
0 0 0 0 0 0 0.25 0 0.25 0 0 0.375 0 0.5 0.1875 0 0 0.25 0 0 0 0 0 0.25 1 0.3125
0 0 0 0 0 0 0.5 0 0.5625 0 0 0.6875 0 0.5 0.5625 0 0 0.5 0 0 0 0 0 0.5625 0.3125 1
15-2-128-2-3-8-3-5-linear-linear-1-recurrent-256-relu-0.0-1-0.0005-0 2
50-1-8-9-1-linear-2-recurrent-feed-forward-64-1024-linear-linear-0.0-0.0-2-1-1e-05-6 2
15-1-2-8-7-relu-2-feed-forward-recurrent-8-128-relu-linear-0.0-0.5-3-1-0.05-0 2
100-1-128-8-7-linear-1-feed-forward-512-relu-0.0-1-0.05-4 2
25-1-4-2-1-relu-1-feed-forward-1024-relu-0.0-3-0.0005-1 2
100-1-128-9-7-linear-1-feed-forward-512-relu-0.5-0-0.005-5 2
100-2-4-128-2-6-1-8-relu-relu-1-feed-forward-512-linear-0.5-0-0.001-6 2
25-2-2-256-9-7-1-6-linear-linear-1-recurrent-128-linear-0.0-0-0.05-2 2
25-2-2-256-9-7-1-6-linear-linear-1-recurrent-128-linear-0.5-0-0.005-3 2
100-1-128-5-8-linear-2-recurrent-recurrent-256-64-linear-linear-0.5-0.5-0-2-0.005-2 3
15-1-128-5-8-linear-2-recurrent-feed-forward-128-16-linear-relu-0.5-0.5-0-2-5e-05-5 2
15-1-128-5-8-linear-2-recurrent-recurrent-128-256-linear-relu-0.0-0.5-1-2-0.005-3 2
50-2-32-256-5-2-5-5-linear-linear-1-recurrent-64-relu-0.0-2-0.005-1 3
50-1-4-8-3-linear-2-feed-forward-recurrent-512-512-relu-linear-0.0-0.5-1-1-0.01-4 2
100-2-128-256-9-7-7-6-linear-linear-1-recurrent-128-linear-0.5-0-0.005-5 2
50-1-4-8-3-linear-2-feed-forward-feed-forward-128-1024-relu-relu-0.0-0.0-1-1-0.05-4 2
15-1-128-5-8-linear-2-recurrent-recurrent-512-256-linear-relu-0.5-0.0-1-0-0.005-5 2
15-1-2-5-3-linear-2-feed-forward-feed-forward-128-16-linear-relu-0.0-0.5-1-2-0.005-6 2
15-1-128-5-8-linear-2-feed-forward-recurrent-512-1024-relu-linear-0.5-0.5-1-1-0.005-4 2
15-1-2-5-3-linear-2-feed-forward-feed-forward-512-64-relu-relu-0.0-0.0-1-1-0.005-4 2