CURRENT POPULATION
110110110001111100010001111011011111100110010110110100111110101011111 0.9786999821662903 0.8183019295334816
110110110001111100010001111011011111100110010110110100111110101011111 0.9786999821662903 0.8183019295334816
110010111001100110010001111011011110001010010110110100111110101011111 0.978600025177002 0.6301591071215542
110110110001111100010001111011011111100011110110110000001110101011111 0.9785000085830688 0.8262888961368137
110010110101100010011111111001011100101100011110110100111101101011111 0.9782999753952026 0.7158913882449268
110010110001100011011111100100111111101000011110110000111110101011111 0.9782999753952026 0.705700763501227
110010111001100110010111110100110110001000011110100000111110101011111 0.9782000184059143 0.728555222041905
110110110001111100010001111011011111100010010110110100111110101011111 0.9778000116348267 0.8175494541724523
110010111001100110011110110100110110001000010110110100111110100011111 0.9775000214576721 0.6294507713931978
110010110101100110011111100111011111100100110110110000111100000011111 0.9775000214576721 0.6442613777789201
110010110101100110011111100111011111100010110110110000111100000011111 0.9772999882698059 0.6441295377232811
110010111001100111110111110100110110100011110110111000001100000100110 0.9772999882698059 0.6626390071980881
110010111001100111010111110100110110100011110110111000001100101011111 0.9772999882698059 0.6367257499333585
110010110001100011011110110011011100101100011110110100111110101011111 0.9771000146865845 0.69720157297949
110110110001111100010001111001011000101100010110110100111110101011111 0.9771000146865845 0.8169641789462831
110010110101100110011111110100110111100000011110110100111100100011111 0.9771000146865845 0.7099242294207215
110010111001100110010001111011011110001010010110110100111110100011111 0.9769999980926514 0.6291287866505708
110010111001100111010111110100110110100011110110111000001100100011111 0.9768999814987183 0.6364651394612862
110010111001100110010111110100110110001000011110110100111110101011111 0.9768999814987183 0.7021468617022038
110010110001100011011111110100110111101000011110110100111100100011111 0.9768999814987183 0.7072348824391762
110010110001100011011111100111011111101000011110110000111110100011111 0.9768999814987183 0.7123229031761488
110010110101100110011111110110110110100011100110101000001010000100110 0.9768000245094299 0.7141000179178786
110010111001100110010111110100110110001000010110110100111110101011111 0.9768000245094299 0.6290000157825874
110010110101100110011111111001011100101100011110110100111101101011111 0.9768000245094299 0.7147937679352859
110010111001100110010001111001011110001010000110110100110110101011111 0.9768000245094299 0.6290000157825874
TRACKER INFO
31
0.9017000198364258 0.9329000115394592 0.9513999819755554 0.9684000015258789 0.9684000015258789 0.9699000120162964 0.9715999960899353 0.9715999960899353 0.974399983882904 0.974399983882904 0.974399983882904 0.974399983882904 0.9768000245094299 0.9768000245094299 0.9768000245094299 0.9768000245094299 0.9771000146865845 0.9771000146865845 0.9778000116348267 0.9778000116348267 0.9778000116348267 0.9785000085830688 0.9785000085830688 0.9785000085830688 0.9785000085830688 0.9785000085830688 0.9786999821662903 0.9786999821662903 0.9786999821662903 0.9786999821662903 0.9786999821662903
POPULATION HISTORY
	Generation 0
000011010011111100110010110111000010000000011010100010100011011010010 0.09929999709129333 0.08973202862155935
110011101001001000111000110110111110000111001000100010111000100011100 0.27070000767707825 0.24814167370398837
110110110001110110000001100101001101101110000001000011010111111001100 0.5260999798774719 0.5056405362155703
110001000101101011100011011011010100111100110010110100111100100010111 0.8924999833106995 0.8147443029465097
100001100000100010010110000011000000101111000001000011101100000111001 0.25049999356269836 0.22298294881528075
110011001000100000110001001011101001101101100000100111110000011010010 0.13580000400543213 0.11831060955018709
100100110000000001101000000001010010001011111101000001101101000001101 0.10100000351667404 0.09784375340677798
000100111100000100011110110100110110000011110100100000001010001101100 0.9017000198364258 0.8491008520126343
100100000001000111000111111110110101001010001011001011000100111010011 0.09239999949932098 0.0883574995212257
000000111110110000000111011000000001000010010011011001001011100011011 0.13609999418258667 0.12372726743871515
010011101000010000111101001101100111101000110101011001001000000100000 0.12430000305175781 0.11205833608453923
000000101011111000010100001110000100100010111100001100001101010001101 0.7979999780654907 0.7398124796648821
000010011011111101010000001000000010011011110000000110101101000101011 0.8812999725341797 0.7978435357411702
100100000101001100101000010001010101010110101101100100001110111111111 0.10750000178813934 0.10212500169873237
100111100010011100010011011111111100111110110110010000001101010101111 0.10279999673366547 0.09623221916457017
010100111100010000001011110100100101011001110100011001101001101000111 0.6104999780654907 0.5748874793450037
010000111110111100111011000100010110100000001110010000011101101001111 0.7132999897003174 0.6501432197789352
110011001010010101000011011011011100010010111100100001001000101100000 0.1103999987244606 0.1003374988407207
100001010000011110000001111010101101101011000000000111101111011011001 0.13529999554157257 0.118387496098876
000011001001001011111110101001111000110000110000011101100000011010000 0.12540000677108765 0.11115000600164587
110000001101011100001000010110100100101000110100110011010000000111010 0.21310000121593475 0.19049848593545682
000100000001001010101010010010011100001111001011101000111011111000111 0.1289999932050705 0.12254999354481697
100001111001111110110010111110111011011000011010110110101110101010000 0.1551000028848648 0.1421750026444594
010111101100010010010100100010100010011110000010010000101100100011100 0.266400009393692 0.24938000879353947
010000010011101001101111111101001010010010111111110011111100001011111 0.7538999915122986 0.6950015546754003
	Generation 1
000010011011111101010000001000010110000011110100100000001010001101100 0.9329000115394592 0.7915515249425715
000100111100000100011110110100110110000011110100100000001010001101100 0.9017000198364258 0.8065205732981364
010000111110111100111011111101010110100000001110010000011100001011111 0.8942999839782715 0.7405921742320061
110001000101101011100011011011010100111100110010110100111100100010111 0.8924999833106995 0.7910795306617563
000010011011111101010000001000000010011011110000000110101101000101011 0.8812999725341797 0.7344166437784831
110110110001110110010001100101001101101110000001101000110011111000111 0.8641999959945679 0.7801805519395405
010000010011101001101111111100010110110010111111110011111101001011111 0.803600013256073 0.6675739693455398
000000101011111000010100001110000100100010111100001100001101010001101 0.7979999780654907 0.7107187304645777
000100111100000100011111110100110110000011110100110001101001101000111 0.7961000204086304 0.7054330736398696
010000010011101001101111111101001010010010111111110011111100001011111 0.7538999915122986 0.6282499929269155
110001000101101011100011111011010100111100000010010000101100100011110 0.7192999720573425 0.6293874755501747
010000111110111100111011000100010110100000001110010000011101101001111 0.7132999897003174 0.5869864498575528
010100111100010000001011110100000101011001110100001000001010001101100 0.708899974822998 0.626194977760315
010000010011101001101101000100001010010010111111110011111101101001111 0.6744999885559082 0.5585703030228615
010000010011101001101111111101001010010010000001110011110111111011111 0.664900004863739 0.5918617467537071
010000111110111100111011010101001010010000001110010000011100101001111 0.620199978351593 0.5119880029621224
010100111100010000001011110100100101011001110100011001101001101000111 0.6104999780654907 0.5375791473521127
010000111110111100111011000100000010011011110000000110001101101101111 0.5841000080108643 0.49781250682744116
100000101011111000010100110100110110000001110100100000001010000101100 0.5835000276565552 0.499511387312051
110110110001110110000001100101001101101110000001000011010111111001100 0.5260999798774719 0.48664248138666155
100001111001111110010000001010000010011011110000000110101101000101011 0.28949999809265137 0.24234658931240893
110011101001001000111000110110111110000111001000100010111000100011100 0.27070000767707825 0.2410921943373978
000010011011111101010000001000010110100000001110010000111101000001011 0.2694999873638153 0.22458332280317944
010111101100010010010100100010100010011110000010010000101100100011100 0.266400009393692 0.24420000861088434
100001100000100010010110000011000000101111000001000011101100000111001 0.25049999356269836 0.2258295396512205
	Generation 2
110110110001110110010001100101001101101110010010110100111110111000111 0.9513999819755554 0.8668310946888393
000011011011111101011000001000010110000011110100100000001010001101100 0.9480999708175659 0.6931185392719327
000010011001111101010000001000010110000011110100100000001010001101100 0.9383999705314636 0.67536361515522
000100111100001101011110110100110110000011110100100000001010001101100 0.9366000294685364 0.7961100250482559
000010011011111101010000001000010110000011110100100000001010001101100 0.9329000115394592 0.6608041748404502
000010011011111101111000001000010101000011110100100000001010001101100 0.9323999881744385 0.6604499916235606
000010011011111101010000001101010110000000000010010000001010001111110 0.9276000261306763 0.6886727466727748
000010011011111101010000011000010110000011110100100000001010011101100 0.9232000112533569 0.6539333413044611
110001000101101011100011111011010100111100000010010000001100100011111 0.9228000044822693 0.7480272763606274
100001000101101011100011011011010100111100110010110100111010000111101 0.9204000234603882 0.7635136558250948
010000111110111100111011010101001010010000001110010000001000101101110 0.9175999760627747 0.83874372811988
010000111110111100111011111101010110100000001110010000011100001011111 0.907800018787384 0.8132375168303649
000100111100000100011110110100110110000011110100100000001010001101100 0.9017000198364258 0.7464072386423747
000100111100000100011110110100110110000011110100100000001010001101100 0.897599995136261 0.7430133293072383
100100111100000100011110110100110110000011111110010000001000001111101 0.8974999785423279 0.8713228958348433
000100111100000100011110110100110110000011110100100000001010001101100 0.8956999778747559 0.7414405372407702
010000111110111100111011111101010110100000001110010000011100001011111 0.8942999839782715 0.8011437356472015
110001000101101011100011011011010100111100110010110100111100100010111 0.8924999833106995 0.7437499860922496
000010011011111101010000001000000010011011110000000110101101000101011 0.8812999725341797 0.6776662667592367
110110110001110110010001100101001101101110000001101000110011111000111 0.8641999959945679 0.7897827741172578
000100111100000100011111110100110110110010111111110001101001001011111 0.8543000221252441 0.8293829381465911
000010011011111101010000001000010110001011110110100000011100001001101 0.8144000172615051 0.604630315845663
010000010011101001101111111100010110110010111111110011111101001011111 0.803600013256073 0.7575604291632771
000000101011111000010100001110000100100010111100001100001101010001101 0.7979999780654907 0.758515604150792
000100111100000100011111110100110110000011110100110001101001101000111 0.7961000204086304 0.6788964062929154
	Generation 3
110110110001110110010001110101001101111100000010110100111100100011111 0.9684000015258789 0.8527300013436211
110110110001110110010001110100110110000011110100101000001110101100110 0.9671000242233276 0.8354669653707081
110110110001110110010001100101001101101110010010110100111110111000111 0.9513999819755554 0.8377605396840307
000011011011111101011000001000010110000011110100100000001010001101100 0.9480999708175659 0.7182575536496711
000100111100011101011110110100110110000011110100100000001010001101100 0.9448000192642212 0.7768355713950262
000010011001111101010000001000010110000011110100100000001010001101100 0.9383999705314636 0.7002454325556756
000100111100001101011110110100110110000011110100100000001010001101100 0.9366000294685364 0.7700933575630188
000010011011111101010000001000010110000011110100100000001010001101100 0.9329000115394592 0.69260758432475
000010011011111101111000001000010101000011110100100000001010001101100 0.9323999881744385 0.69223635485678
000010011011111101010000001101010110000000000010010000001010001111110 0.9276000261306763 0.7238091112989369
010000111110111100111011111011010100111100001110010000011100001111101 0.9251000285148621 0.7829622637170056
000010011011111101010000011000010110000011110100100000001010011101100 0.9232000112533569 0.6854060689608256
110001000101101011100011111011010100111100000010010000001100100011111 0.9228000044822693 0.758513640047926
100001000101101011100011011011010100111100110010110100111010000111101 0.9204000234603882 0.773972747000781
010000111111111101111011111101010110100010111111110001111101001011111 0.917900025844574 0.807943251915276
010000111110111100111011010101001010010000001110010000001000101101110 0.9175999760627747 0.7933416459709406
010000111110111100111011111101010110100011110100100000001100001101101 0.9101999998092651 0.7205749998490016
010000111110111100111011111101010110100000001110010000011100001011111 0.907800018787384 0.7635922033029299
000100111100000100011110110100110110000011110100100000001010001101100 0.9017000198364258 0.7288741827011108
000100111100000100011110110100110110000011110100100000001010001101100 0.897599995136261 0.7255599960684777
100100111100000100011110110100110110000011111110010000001000001111101 0.8974999785423279 0.8974999785423279
000100111100000100011110110100110110000011110100100000001010001101100 0.8956999778747559 0.7240241487820943
000000101011111000100011011110000100100010111100000100001100100000111 0.8948000073432922 0.813242715007315
010000111110111100111011111101010110100000001110010000011100001011111 0.8942999839782715 0.7522367052733898
110001000101101011100011011011010100111100110010110100111100100010111 0.8924999833106995 0.7538920313571439
	Generation 4
110110110001110110010001110101001101111100000010110100111100100011111 0.9684000015258789 0.7827900012334188
110110110001110110010001110011010100101100010110110100111110100010111 0.9681000113487244 0.7906150092681249
110110110001110110010001110100110110000011110100101000001110101100110 0.9671000242233276 0.8059166868527731
110110110001110110010001110100110111101110010010110000111110101100110 0.9653000235557556 0.7749214077989259
110110110001110110010001100101001101101110010010110100111110111000111 0.9513999819755554 0.7690483187635739
000011011011111101011000001000010110000011110100100000001010001101100 0.9480999708175659 0.6895272515036843
000100111100011101011110110100110110000011110100100000001010001101100 0.9448000192642212 0.7952066828807195
000010011001111101010000001000010110000011110100100000001010001101100 0.9383999705314636 0.6646999791264534
000100111100001101011110110100110110000011110100100000001010001101100 0.9366000294685364 0.8013133585453033
100001000101101011100011011011010100111100110010110100111010000111101 0.9358999729156494 0.7090151309967041
000010011011111101010000001101010110000011110100100000001010001101100 0.9348999857902527 0.6622208232680957
000010011011111101010000001000010110000011110100100000001010001101100 0.9329000115394592 0.6608041748404503
000010011011111101111000001000010101000011110100100000001010001101100 0.9323999881744385 0.6604499916235607
110001000101100011100011011101001101111100000010110100111100100011111 0.9282000064849854 0.7102136413256327
000010011011111101010000001101010110000000000010010000001010001111110 0.9276000261306763 0.6781318372849262
010000111110111100111011111011010100111100001110010000011100001111101 0.9251000285148621 0.8407810154991845
100001000101101011100011011011010100111100110010110100111010000111101 0.9240999817848206 0.7000757437763792
000010011011111101010000011000010110000011110100100000001010011101100 0.9232000112533569 0.6539333413044612
110001000101101011100011111011010100111100000010010000001100100011111 0.9228000044822693 0.6990909124865676
000100111100011101011110110100110110000000000010010000001010001111110 0.9218999743461609 0.7784933116700914
110100111100000100011110110100110110101110010010110100111000001010111 0.9211000204086304 0.7778177950117323
100001000101101011100011011011010100111100110010110100111010000111101 0.9204000234603882 0.6972727450457487
010000111111111101111011111101010110100010111111110001111101001011111 0.917900025844574 0.8557505449280143
010000111110111100111011010101001010010000001110010000001000101101110 0.9175999760627747 0.83874372811988
010000101110111100111011111101010110100000001110010000001100101111101 0.9136000275611877 0.8327083584542077
	Generation 5
110110010001110100010001110011010100101100010110110100111110101010111 0.9699000120162964 0.7408958425124486
110110110001110110010001110101001101111100000010110100111100100011111 0.9684000015258789 0.7128500011232165
110110110001110110010001110011010100101100010110110100111110100010111 0.9681000113487244 0.7180075084169706
110110110001110110010001110100110110000011110100101000001110101100110 0.9671000242233276 0.7629344635539584
110110110001110110010001110100110111101110010010110000111110101100110 0.9653000235557556 0.7186122397581737
110110110001110110010001100101001101101110010010110100111000001000111 0.9629999995231628 0.7088749996489949
110110110001110110010001100101001101101110010010110100111110111000111 0.9513999819755554 0.7003360978431172
000011011011111101011000001000010110000011110100100000001010001101100 0.9480999708175659 0.7003011148084294
000100111100011101011110110100110110000011110100100000001010001101100 0.9448000192642212 0.7873333493868511
110100111100000100011110110100110110101110010010110100111010000111101 0.944599986076355 0.755679988861084
000010011001111101010000001000010110000011110100100000001010001101100 0.9383999705314636 0.6789181604981422
000100111100001101011110110100110110000011110100100000001010001101100 0.9366000294685364 0.7935083582997322
100001000101101011100011011011010100111100110010110100111010000111101 0.9358999729156494 0.7480109632015228
000010011011111101010000001101010110000011110100100000001010001101100 0.9348999857902527 0.6728446867429849
000010011011111101010000001000010110000011110100100000001010001101100 0.9329000115394592 0.6714053113352169
000010011011111101111000001000010101000011110100100000001010001101100 0.9323999881744385 0.6710454460346338
110001000101100011100011011101001101111100000010110100111100100011111 0.9282000064849854 0.745372732480367
000010011011111101010000001101010110000000000010010000001010001111110 0.9276000261306763 0.6957000195980072
110100111100000100011110110101010110101110010110110101111101000011111 0.9271000027656555 0.767432780067126
010000111110111100111001110100111111101110001110010000001000101101110 0.925599992275238 0.8581083261718353
010000111110111100111011111011010100111100001110010000011100001111101 0.9251000285148621 0.8672812767326832
010000111110111100111011010101001010010000001110010000001000101101101 0.9251000285148621 0.8576448181023201
100001000101101011100011011011010100111100110010110100111010000111101 0.9240999817848206 0.73857990968408
000010011011111101010000011000010110000011110100100000001010011101100 0.9232000112533569 0.6644242505232494
110001000101101011100011111011010100111100000010010000001100100011111 0.9228000044822693 0.7270545489860303
	Generation 6
110010110001110110011111110100110110001110110110101000001110101100110 0.9715999960899353 0.8243878754702482
110110110001110110010001100101010000101100010110110100111110101000111 0.9714000225067139 0.6017283472749922
110110010001110100010001110011010100101100010110110100111110101010111 0.9699000120162964 0.6250466744105021
110110110001110110010001110101001101111100000010110100111100100011111 0.9684000015258789 0.5891100009282431
110110110001110110010001110011010100101100010110110100111110100010111 0.9681000113487244 0.5996841736965709
110110110001110110010001110100110110000011110100101000001110101100110 0.9671000242233276 0.6769700169563293
110110110001110110010001110100110111101110010010110000111110101100110 0.9653000235557556 0.6033125147223473
110110110001110110010001100101001101101110010010110100111000001000111 0.9629999995231628 0.5858249997099241
110110110001110110010001110101001011111100000010110100111100100001111 0.9587000012397766 0.5885352785388629
110110110001110110010001100101001101101110010010110100111110111000111 0.9513999819755554 0.578768322368463
000011011011111101011000001000010110000011110100100000001010001101100 0.9480999708175659 0.7290314169544162
110001000101101010100011111011010100111100000010010000001010001111110 0.9473999738693237 0.7751454331658103
000010011011111101010000001101010110000010000010010000001100100011111 0.9452999830245972 0.7412011230533773
000100111100011101011110110100110110000011110100100000001010001101100 0.9448000192642212 0.7322200149297714
110100111100000100011110110100110110101110010010110100111010000111101 0.944599986076355 0.6664677679538726
110100111100000100010000110101010110100011010110110101111101000011111 0.9441999793052673 0.6871677627166112
110110010001110100010000110011001101101110010010110100111000001010111 0.9419999718666077 0.6044499819477399
000010011001111101010000001000010110000011110100100000001010001101100 0.9383999705314636 0.7073545232415199
000100111100001101011110110100110110000011110100100000001010001101100 0.9366000294685364 0.7440766900777817
100001000101101011100011011011010100111100110010110100111010000111101 0.9358999729156494 0.7870067954063416
000010011011111101010000001101010110000011110100100000001010001101100 0.9348999857902527 0.7047162771676526
000010011011111101010000001000010110000011110100100000001010001101100 0.9329000115394592 0.7032087208195166
000010011011111101111000001000010101000011110100100000001010001101100 0.9323999881744385 0.7028318092678533
110100111100000100011110110101010110101110000010110000111100100011111 0.9319000244140625 0.6652730729844835
110001000101100011100011011101001101111100000010110100111100100011111 0.9282000064849854 0.7805318236351013
	Generation 7
110010110001110110011111110100110110001110110110101000001110101100110 0.9715999960899353 0.7655030272223733
110110110001110110010001100101010000101100010110110100111110101000111 0.9714000225067139 0.623315014441808
110110010001110100010001110011010100101100010110110100111110101010111 0.9699000120162964 0.6546825081110001
110110110001110110010001110101001101111100000010110100111100100011111 0.9684000015258789 0.6133200009663899
110110110001110110010001110011010100101100010110110100111110100010111 0.9681000113487244 0.623886673980289
110110110001110110010001110100110110000011110100101000001110101100110 0.9671000242233276 0.6957747396495607
110010110001110110011111110100110110001110110010110100111010101111101 0.96670001745224 0.7872746354251197
110110110001110110010001110100110111101110010010110000111110101100110 0.9653000235557556 0.6301264042655625
110110110001110110010001100101001101101110010010110100111000001000111 0.9629999995231628 0.6098999996980031
110010110001100110011111110110110110000011110110101000001010001100100 0.9595000147819519 0.7523352388631214
110110110001110110010001110101001011111100000010110100111100100001111 0.9587000012397766 0.6125027785698572
100001000101101011100011011011010100111100110110101000001110000100110 0.9563000202178955 0.7353367579705787
110110110001110110010001100101001101101110010010110100111110111000111 0.9513999819755554 0.6025533219178517
110001000101100011100011011101001101110011110110110000001010001101110 0.9487000107765198 0.7330863719636743
000011011011111101011000001000010110000011110100100000001010001101100 0.9480999708175659 0.7829007334781416
110001000101100011100011010101010111100011010110110101111100100011111 0.9480000138282776 0.7900000115235647
110001000101101010100011111011010100111100000010010000001010001111110 0.9473999738693237 0.7284931617252755
000100111100001101011110110100110110000011110100100000001010101101100 0.9473999738693237 0.7684466454717848
000010011011111101010000001101000110000010000010101000001100101100111 0.9455999732017517 0.7665090691862685
000010011011111101010000001101010110000010000010010000001100100011111 0.9452999830245972 0.7698465770844257
110100111100000100010000111101001101111100000010110100111101000011111 0.9452000260353088 0.664265573852592
000100111100011101011110110100110110000011110100100000001010001101100 0.9448000192642212 0.7505911264154645
110100111100000100011110110100110110101110010010110100111010000111101 0.944599986076355 0.6900827676057815
110100111100000100010000110101010110100011010110110101111101000011111 0.9441999793052673 0.7029044290383657
110001000101100011100011111011010100111100000010010000001010001111110 0.9434000253677368 0.7254174437486764
	Generation 8
110010110001110110011111110100110110000011110010110100111010101111101 0.974399983882904 0.6569818073149885
110010110001110110011111110100110110001110110110101000001110101100110 0.9715999960899353 0.6808560578660532
110110110001110110010001100101010000101100010110110100111110101000111 0.9714000225067139 0.6880750159422556
110110010001110100010001110011010100101100010110110100111110101010111 0.9699000120162964 0.7274250090122223
110010110001110111011110110100110110001110110010100100001010001101101 0.9689000248908997 0.656943577482845
110110110001110110010001110101001101111100000010110100111100100011111 0.9684000015258789 0.6859500010808308
110110110001110110010001110011010100101100010110110100111110100010111 0.9681000113487244 0.6884266747368706
110110110001110110010001110100110110000011110100101000001110101100110 0.9671000242233276 0.7387569629483753
110010110001110110011111110100110110001110110010110100111010101111101 0.96670001745224 0.6517901632821922
110110110001110110010001110100110111101110010010110000111110101100110 0.9653000235557556 0.6917983502149581
110010111001110110011111110100110110001110110010010000001100100111101 0.9642999768257141 0.6757405140634738
110110110001110110010001100101001101101110010010110100111000001000111 0.9629999995231628 0.6767749996648894
110010110001110110011111110100110110001110110010110100101010101101101 0.9595999717712402 0.6470030112700029
110010110001100110011111110110110110000011110110101000001010001100100 0.9595000147819519 0.6760113740509207
110110110001110110010001110101001011111100000010110100111100100001111 0.9587000012397766 0.6790791675448417
110001100101100011100011010101010111100011010110110101111100100011111 0.957099974155426 0.7069488445466217
100001000101101011100011011011010100111100110110101000001110000100110 0.9563000202178955 0.6810015295491074
110110110001110110010001100101001101101110010010110100111110111000111 0.9513999819755554 0.6686227651105986
110001000101100011100011011101001101110011110110110000001010001101110 0.9487000107765198 0.6468409164385363
000011011011111101011000001000010110000011110100100000001010001101100 0.9480999708175659 0.7326227047226646
110001000101100011100011010101010111100011010110110101111100100011111 0.9480000138282776 0.6858636463681858
110001000101101010100011111011010100111100000010010000001010001111110 0.9473999738693237 0.6638977089614578
000100111100001101011110110100110110000011110100100000001010101101100 0.9473999738693237 0.86844997604688
110001000101100011100011010101010111100011010110110101111100101011111 0.9472000002861023 0.6852848486918391
000010011011111101010000001101000110000010000010101000001100101100111 0.9455999732017517 0.7342727064634814
	Generation 9
110010110001110110011111110100110110000011110010110100111010101111101 0.974399983882904 0.7271090788823187
110110110001110110010000001000010110000011110110110100111110101100101 0.9717000126838684 0.5695241741008228
110010110001110110011111110100110110001110110110101000001110101100110 0.9715999960899353 0.7471015121449124
110110110001110110010001100101010000101100010110110100111110101000111 0.9714000225067139 0.5477616793579525
110110010001110100010001110011010100101100010110110100111110101010111 0.9699000120162964 0.5954108407100042
110010110001110111011110110100110110001110110010100100001010001101101 0.9689000248908997 0.7230049428163153
110110110001110110010001110101001101111100000010110100111100100011111 0.9684000015258789 0.5514500008689033
110110110001110110010001110011010100101100010110110100111110100010111 0.9681000113487244 0.5405225063363711
110110110001110110010001110100110110000011110100101000001110101100110 0.9671000242233276 0.5910055703587003
110010110001110110011111110100110110001110110010110100111010101111101 0.96670001745224 0.7213632705988308
110110110001110110010001110100110110000011110100101000001110101100110 0.9664000272750854 0.5905777944458857
110110110001110110010001110100110111101110010010110000111110101100110 0.9653000235557556 0.5470033466815948
110110010001110110010001110100110111101110010010111100111110101100110 0.9649999737739563 0.5789999842643738
110110110001110110010001110100010110000011110100101000001010001100110 0.9645000100135803 0.5894166727860769
110010111001110110011111110100110110001110110010010000001100100111101 0.9642999768257141 0.7524461940382468
110110110001110100010001110011010100101100010110110000111110101010111 0.963699996471405 0.5755430534482003
110110110001110110010001100101001101101110010010110100111000001000111 0.9629999995231628 0.5456999997297922
110110110001110110010001110011010100101111010110110101111100100010111 0.961899995803833 0.5691241641839344
000010011011111101010000001101000110000011110100100000001100101101101 0.9596999883651733 0.8033852175329671
110010110001110110011111110100110110001110110010110100101010101101101 0.9595999717712402 0.7160651304505089
110010110001100110011111110110110110000011110110101000001010001100100 0.9595000147819519 0.7487007691101594
110110110001110110010001110101001011111100000010110100111100100001111 0.9587000012397766 0.5459263895948727
110001000101100011100011010101010111101000010110110100111110100011111 0.9573000073432922 0.7578625058134396
110001100101100011100011010101010111100011010110110101111100100011111 0.957099974155426 0.7939579331062058
100001000101101011100011011011010100111100110110101000001110000100110 0.9563000202178955 0.7751825921463243
	Generation 10
110010110001110110011111110100110110000011110010110100111010101111101 0.974399983882904 0.7640181691809134
110110110001110110010000001000010110000011110110110100111110101100101 0.9717000126838684 0.5209391734666293
110010110001110110011111110100110110001110110110101000001110101100110 0.9715999960899353 0.8023060573772951
110110110001110110010001100101010000101100010110110100111110101000111 0.9714000225067139 0.4964933448367648
110010110001100110011111110110110110000011110110101000001010000101100 0.9714000225067139 0.8168591098351913
110110010001110100010001110011010100101100010110110100111110101010111 0.9699000120162964 0.5388333400090536
110010110001110111011110110100110110001110110010100100001010001101101 0.9689000248908997 0.7560356254830505
110110110001110110010001110101001101111100000010110100111100100011111 0.9684000015258789 0.5003400007883707
110110110001110110010001010100110110000011110100101000001110101100110 0.9684000015258789 0.5326200008392334
110010110001110111011110110100110111101000011110110100001110001011111 0.9682000279426575 0.9682000279426575
110110110001110110010001110011010100101100010110110100111110100010111 0.9681000113487244 0.48942833907074396
110110110001110110010001110100110110000011110100101000001110101100110 0.9671000242233276 0.5319050133228302
110110010001110110010001110100110111101110010010111100111110101101100 0.9670000076293945 0.5345361153284709
110010110001110110011111110100110110001110110010110100111010101111101 0.96670001745224 0.7579806955023245
110110110001110110010001110100110110000011110100101000001110101100110 0.9664000272750854 0.5315200150012971
110110110001110110010001110100110111101110010010110000111110101100110 0.9653000235557556 0.49605695654948545
110110010001110100010001111011010111100010000110110101111110101011111 0.9653000235557556 0.5738172362248102
110110010001110110010001110100110111101110010010111100111110101100110 0.9649999737739563 0.5173472081621489
110110110001110110010001110100010110000011110100101000001010001100110 0.9645000100135803 0.5304750055074692
110010111001110110011111110100110110001110110010010000001100100111101 0.9642999768257141 0.7853200568845777
110110110001110100010001110011010100101100010110110000111110101010111 0.963699996471405 0.5246811091899872
110110110001110110010001100101001101101110010010110100111000001000111 0.9629999995231628 0.49754999975363406
110010111001110111011111110100110110001110110010100100001100100101100 0.9624999761581421 0.7656249810348857
110110110001110110010001110011010100101111010110110101111100100010111 0.961899995803833 0.5183572199609545
110010110001110110011111110100110110001110110010110100111010101011111 0.9603000283241272 0.7602375224232674
	Generation 11
110010110001110110011111110100110110000011110010110100111010101111101 0.974399983882904 0.7861636233600703
110110110001110110010000001000010110000011110110110100111110101100101 0.9717000126838684 0.5587275072932243
110010110001110110011111110100110110001110110110101000001110101100110 0.9715999960899353 0.7949454513463108
110110110001110110010001100101010000101100010110110100111110101000111 0.9714000225067139 0.5396666791703966
110010110001100110011111110110110110000011110110101000001010000101100 0.9714000225067139 0.7947818365964022
110110010001110100110001110011010100100011110100101000001110101100110 0.9703999757766724 0.6334555397431056
110010110001100111011110110100110111101000011110110100001110001011111 0.9700000286102295 0.9321094024926424
110110010001110100010001110011010100101100010110110100111110101010111 0.9699000120162964 0.5603866736094159
110010110001110111011110110100110110001110110010100100001010001101101 0.9689000248908997 0.7707159288904883
110110110001110110010001110101001101111100000010110100111100100011111 0.9684000015258789 0.5406900008519491
110110110001110110010001010100110110000011110100101000001110101100110 0.9684000015258789 0.570280000898573
110010110101100110011111110110110110000011110110101000001010000100110 0.9684000015258789 0.8180045467434508
110110010001110100010001111011011111100010000110110100111110101011111 0.9682999849319458 0.5594622135162355
110010110001110111011110110100110111101000011110110100001110001011111 0.9682000279426575 0.9303797143511474
110110110001110110010001110011010100101100010110110100111110100010111 0.9681000113487244 0.5324550062417984
110110110001110110010001110100110110000011110100101000001110101100110 0.9671000242233276 0.5695144587092928
110110010001110110010001110100110111101110010010111100111110101101100 0.9670000076293945 0.5613972266515096
110010110001110110011111110100110110001110110010110100111010101111101 0.96670001745224 0.7799511504444209
110110110001110110010001110100110110000011110100101000001110101100110 0.9664000272750854 0.5691022382842169
110110110001110110010001110100110110001100010110110100111110101010111 0.9661999940872192 0.5314099967479706
110110110001110110010001110100110111101110010010110000111110101100110 0.9653000235557556 0.5416405687729517
110110010001110100010001111011010111100010000110110101111110101011111 0.9653000235557556 0.5925869589050611
110110010001110110010001110100110111101110010010111100111110101100110 0.9649999737739563 0.5441527629892031
110010111001110110010111110100110110001110110010010000001110100101101 0.9649999737739563 0.7968560389497064
110010110001100110011111110110110110000110110010110100111010101101100 0.964900016784668 0.7784988771785388
	Generation 12
110010110101100110011111110110110110100011100110101000001010000100110 0.9768000245094299 0.7030000176393625
110110010001110100010001111011011111100010010110110100111110101011111 0.9746000170707703 0.6443189001745648
110010110001110110011111110100110110000011110010110100111010101111101 0.974399983882904 0.7972363504496488
110010110101100110011111100110110110000011110110101000001010000100110 0.9731000065803528 0.7003371259479811
110010111001100111010111110100110110000011110110101000001010100101100 0.972599983215332 0.7073454423384233
110010110001100111011110110100110111101000011110110100001110001011111 0.9722999930381775 0.8938070248501997
110110110001110110010000001000010110000011110110110100111110101100101 0.9717000126838684 0.6585966752635108
110010110001110110011111110100110110001110110110101000001110101100110 0.9715999960899353 0.6882166638970374
110110110001110110010001100101010000101100010110110100111110101000111 0.9714000225067139 0.6422033482127718
110010110001100110011111110110110110000011110110101000001010000101100 0.9714000225067139 0.6880750159422556
110010110001110110011111110010110110000011110110101000001010000101100 0.9711999893188477 0.687933325767517
110110010001110100110001110011010100100011110100101000001110101100110 0.9703999757766724 0.6954533159732819
110010110001110111011110110100110111101000010110101000001110101010111 0.9703999757766724 0.6983939219604839
110110010001110100110001110100110110000011110110101000001010001100110 0.9703999757766724 0.6846710940202076
110010110001100111011110110100110111101000011110110100001110001011111 0.9700000286102295 0.8916927346338829
110110010001110100010001110011010100101100010110110100111110101010111 0.9699000120162964 0.6439058413108191
110010110001110111011110110100110110001110110010100100001010001101101 0.9689000248908997 0.752365549631191
110110110001110110010001110101001101111100000010110100111100100011111 0.9684000015258789 0.6482900010214913
110110110001110110010001010100110110000011110100101000001110101100110 0.9684000015258789 0.667120001051161
110010110101100110011111110110110110000011110110101000001010000100110 0.9684000015258789 0.6969545465527159
110110010001110100010001111011011111100010000110110100111110101011111 0.9682999849319458 0.640153878927231
110010110001110111011110110100110111101000011110110100001110001011111 0.9682000279426575 0.8925594007596374
110110110001110110010001110011010100101100010110110100111110100010111 0.9681000113487244 0.6373325074712435
110110110001110110010001110100110110000011110100101000001110101100110 0.9671000242233276 0.6662244611316257
110110010001110110010001110100110111101110010010111100111110101101100 0.9670000076293945 0.6580972274144491
	Generation 13
110010110101100110011111110110110110100011100110101000001010000100110 0.9768000245094299 0.5920000148541998
110110010001110100010001111011011111100010010110110100111110101011111 0.9746000170707703 0.768851124578052
110010110001110101011110110100110111101000011110110100111110001011111 0.9745000004768372 0.9034427087754011
110010110001110110011111110100110110000011110010110100111010101111101 0.974399983882904 0.7197272608225996
110010110101100110011111100110110110000011110110101000001010000100110 0.9731000065803528 0.5897575797456682
110011111001100111010111110100110110000011100110101000001010000100110 0.9729999899864197 0.6376098419229189
110010111001100111010111110100110110000011110110101000001010100101100 0.972599983215332 0.5931386261275321
110010110001100111011110110100110111101000011110110100001110001011111 0.9722999930381775 0.8963390560820699
110010111001100111010111110100110110000000110110110100001110001011111 0.9718000292778015 0.6809962326378532
110110110001110110010000001000010110000011110110110100111110101100101 0.9717000126838684 0.7773600101470947
110010110001110110011111110100110110001110110110101000001110101100110 0.9715999960899353 0.5925287854942408
110110110001110110010001100101010000101100010110110100111110101000111 0.9714000225067139 0.7690250178178151
110010110001100110011111110110110110000011110110101000001010000101100 0.9714000225067139 0.5776886497483109
110010110001110110011111110010110110000011110110101000001010000101100 0.9711999893188477 0.5922848419709639
110110010001110100110001110011010100100011110100101000001110101100110 0.9703999757766724 0.7951888690392176
110010110001110111011110110100110111101000010110101000001110101010111 0.9703999757766724 0.6064999848604202
110110010001110100110001110100110110000011110110101000001010001100110 0.9703999757766724 0.787102202574412
110010110001100111011110110100110111101000011110110100001110001011111 0.9700000286102295 0.8942187763750553
110110010001110100010001110011010100101100010110110100111110101010111 0.9699000120162964 0.7678375095129013
110010110101000110011111110110110110000011110110111000000010000101100 0.9696000218391418 0.6610909239812331
110010110001100111011110110100110111011110110110100100001010001001111 0.9695000052452087 0.635316291315989
110010110001110111011110110100110110001110110010100100001010001101101 0.9689000248908997 0.6716238808902827
110110110001110110010001110101001101111100000010110100111100100011111 0.9684000015258789 0.7747200012207031
110110110001110110010001010100110110000011110100101000001110101100110 0.9684000015258789 0.7827900012334188
110010110101100110011111110110110110000011110110101000001010000100110 0.9684000015258789 0.5869090918338659
	Generation 14
110010110101100110011111110110110110100011100110101000001010000100110 0.9768000245094299 0.6364000159682648
110010110001100011011110110100110111101000011110110100111100100011111 0.9757999777793884 0.8843187298625708
110110010001110100010001111011011111100010010110110100111110101011111 0.9746000170707703 0.7526077909602059
110010110001110101011110110100110111101000011110110100111110001011111 0.9745000004768372 0.8729895837605
110010110001110110011111110100110110000011110010110100111010101111101 0.974399983882904 0.7455636240316159
110010110101100110011111100110110110000011110110101000001010000100110 0.9731000065803528 0.6339893982265934
110011111001100111010111110100110110000011100110101000001010000100110 0.9729999899864197 0.6707802961270015
110010111001100111010111110100110110000011110110101000001010100101100 0.972599983215332 0.6336636254281708
110010010001010100110001110100110110000011110110110000001110001011111 0.9724000096321106 0.7440333407033574
110010110001100111011110110100110111101000011110110100001110001011111 0.9722999930381775 0.8659546812996268
110110110001110100010001111001011000101100010110110100111110101011111 0.9721999764442444 0.7507544262541666
110010111001100111010111110100110110000000110110110100001110001011111 0.9718000292778015 0.7030825969396216
110110110001110110010000001000010110000011110110110100111110101100101 0.9717000126838684 0.7719616767432955
110010110001110110011111110100110110001110110110101000001110101100110 0.9715999960899353 0.6293318156491626
110110110001110110010001100101010000101100010110110100111110101000111 0.9714000225067139 0.7609300176302591
110010110001100110011111110110110110000011110110101000001010000101100 0.9714000225067139 0.6181636506860907
110010110001110110011111110010110110000011110110101000001010000101100 0.9711999893188477 0.6290727203542535
110110010001110100110001110011010100100011110100101000001110101100110 0.9703999757766724 0.8059710909922918
110010110001110111011110110100110111101000010110101000001110101010111 0.9703999757766724 0.6395818022164432
110110010001110100110001110100110110000011110110101000001010001100110 0.9703999757766724 0.7924933135509491
110010110001100111011110110100110111101000011110110100001110001011111 0.9700000286102295 0.8639062754809856
110110010001110100010001110011010100101100010110110100111110101010111 0.9699000120162964 0.7543666760126749
110010110101000110011111110110110110000011110110111000000010000101100 0.9696000218391418 0.6831272881139409
110010110001100111011110110100110111011110110110100100001010001001111 0.9695000052452087 0.672039776363156
110110110001110110010001111101101101111100000010110100001110001011111 0.9693999886512756 0.7674416576822598
	Generation 15
110010110101100110011111110110110110100011100110101000001010000100110 0.9768000245094299 0.6771000169894912
110010110001100011011110110100110111101000011110110100111100100011111 0.9757999777793884 0.8207900854758918
110110110001111100010001111001011000101100010110110100111110101011111 0.9746999740600586 0.7932974788877699
110110010001110100010001111011011111100010010110110100111110101011111 0.9746000170707703 0.7878016804655393
110010110001110101011110110100110111101000011110110100111110001011111 0.9745000004768372 0.7943190108053386
110010110001110110011111110100110110000011110010110100111010101111101 0.974399983882904 0.7566363511211944
110010110001110101010001111001011000101100011110110100111110101011111 0.9740999937057495 0.7939929636195302
110010110001110101001110110100110111101000011110110100111110001011111 0.9735999703407288 0.793585392491271
110010110101100110011111100110110110000011110110101000001010000100110 0.9731000065803528 0.6745352318341081
110011111001100111010111110100110110000011100110101000001010000100110 0.9729999899864197 0.7002651443084081
110010010001110100010001111011011111100010010110110100111010101011111 0.9729999899864197 0.7371212045351664
110010111001100111010111110100110110000011110110101000001010100101100 0.972599983215332 0.6741886247288097
110010010001010100110001110100110110000011110110110000001110001011111 0.9724000096321106 0.7514000074429946
110010110001100111011110110100110111101000011110110100001110001011111 0.9722999930381775 0.8077179629666109
110110110001110100010001111001011000101100010110110100111110101011111 0.9721999764442444 0.7831610921356413
110010111001100111010111110100110110000000110110110100001110001011111 0.9718000292778015 0.7251689612413899
110110110001110110010000001000010110000011110110110100111110101100101 0.9717000126838684 0.8016525104641914
110010110001110110011111110100110110001110110110101000001110101100110 0.9715999960899353 0.655093936757608
110110110001110110010001100101010000101100010110110100111110101000111 0.9714000225067139 0.793310018380483
110010110001100110011111110110110110000011110110101000001010000101100 0.9714000225067139 0.6586386516238704
110010110001110110011111110010110110000011110110101000001010000101100 0.9711999893188477 0.6585030230608853
110010110001110101011110110011010100101100011110110100111110101010111 0.9708999991416931 0.8014981763747832
110110010001110100110001110011010100100011110100101000001110101100110 0.9703999757766724 0.8302310903867085
110010110001110111011110110100110111101000010110101000001110101010111 0.9703999757766724 0.6653121046044609
110110010001110100110001110100110110000011110110101000001010001100110 0.9703999757766724 0.8167533129453659
	Generation 16
110010110001100011011110110011011100101100011110110100111110101011111 0.9771000146865845 0.7608148551856478
110010110101100110011111110110110110100011100110101000001010000100110 0.9768000245094299 0.6919000173608462
110010110001100011011110110100110111101000011110110100111100100011111 0.9757999777793884 0.7852140446193516
110110110001111100010001111001011000101100010110110100111110101011111 0.9746999740600586 0.8149574783113268
110110010001110100010001111011011111100010010110110100111110101011111 0.9746000170707703 0.8148739031619496
110010110001110101011110110100110111101000011110110100111110001011111 0.9745000004768372 0.7587903649546206
110010110001110110011111110100110110000011110010110100111010101111101 0.974399983882904 0.738181805971897
110010110001110101010001111001011000101100011110110100111110101011111 0.9740999937057495 0.7559421826153994
110010110001110101001110110100110111101000011110110100111110001011111 0.9735999703407288 0.7580895602392654
110010110101100110011111100110110110000011110110101000001010000100110 0.9731000065803528 0.6892791713277499
110011111001100111010111110100110110000011100110101000001010000100110 0.9729999899864197 0.7150075683991114
110010010001110100010001111011011111100010010110110100111010101011111 0.9729999899864197 0.7297499924898148
110010111001100111010111110100110110000011110110101000001010100101100 0.972599983215332 0.6889249881108601
110010010001010100110001110100110110000011110110110000001110001011111 0.9724000096321106 0.7514000074429945
110010110001100111011110110100110111101000011110110100001110001011111 0.9722999930381775 0.7722695257204275
110110110001110100010001111001011000101100010110110100111110101011111 0.9721999764442444 0.8074660915467473
110010110001110101001110110100110111101011110010110100101110001111101 0.972100019454956 0.736439408677997
110010111001100111010111110100110110000000110110110100001110001011111 0.9718000292778015 0.7178068398074671
110110110001110110010000001000010110000011110110110100111110101100101 0.9717000126838684 0.8232458440793885
110010110001110110011111110100110110001110110110101000001110101100110 0.9715999960899353 0.6698151488195767
110110110001110110010001100101010000101100010110110100111110101000111 0.9714000225067139 0.8148966855472989
110010110001100110011111110110110110000011110110101000001010000101100 0.9714000225067139 0.6733568337830631
110010110001110110011111110010110110000011110110101000001010000101100 0.9711999893188477 0.6732181744142013
110010110001110101011110110011010100101100011110110100111110101010111 0.9708999991416931 0.7661007805727422
110110010001110100110001110011010100100011110100101000001110101100110 0.9703999757766724 0.867968867222468
	Generation 17
110010110001100011011110110011011100101100011110110100111110101011111 0.9771000146865845 0.7608148551856478
110010110101100110011111110110110110100011100110101000001010000100110 0.9768000245094299 0.6993000175465236
110010111001100110010111110100110110001000010110110100111110101011111 0.9768000245094299 0.6993000175465236
110010110001100011011110110100110111101000011110110100111100100011111 0.9757999777793884 0.7852140446193516
110110110001111100010001111001011000101100010110110100111110101011111 0.9746999740600586 0.8149574783113268
110110010001110100010001111011011111100010010110110100111110101011111 0.9746000170707703 0.8148739031619496
110010110001110101011110110100110111101000011110110100111110001011111 0.9745000004768372 0.7587903649546206
110010110001110110011111110100110110000011110010110100111010101111101 0.974399983882904 0.7344908969420375
110010110001110101010001111001011000101100011110110100111110101011111 0.9740999937057495 0.7559421826153994
110010110001110101001110110100110111101000011110110100111110001011111 0.9735999703407288 0.7580895602392654
110010110101100110011111100110110110000011110110101000001010000100110 0.9731000065803528 0.6966511410745707
110011111001100111010111110100110110000011100110101000001010000100110 0.9729999899864197 0.7186931744217872
110010010001110100010001111011011111100010010110110100111010101011111 0.9729999899864197 0.7223787804444631
110010111001100111010111110100110110000011110110101000001010100101100 0.972599983215332 0.6962931698018854
110010010001010100110001110100110110000011110110110000001110001011111 0.9724000096321106 0.7514000074429945
110010110001100111011110110100110111101000011110110100001110001011111 0.9722999930381775 0.7722695257204275
110110110001110100010001111001011000101100010110110100111110101011111 0.9721999764442444 0.8074660915467474
110010110001110101001110110100110111101011110010110100101110001111101 0.972100019454956 0.732757211634607
110010111001100111010111110100110110000000110110110100001110001011111 0.9718000292778015 0.6957204755056987
110110110001110110010000001000010110000011110110110100111110101100101 0.9717000126838684 0.8232458440793885
110110010001110100110001110011010100100011110100101000001110100100110 0.9717000126838684 0.8691316780116822
110010110001110110011111110100110110001110110110101000001110101100110 0.9715999960899353 0.6882166638970375
110110110001110110010001100101010000101100010110110100111110101000111 0.9714000225067139 0.8148966855472989
110010110001100110011111110110110110000011110110101000001010000101100 0.9714000225067139 0.6880750159422556
110010110001110110010001100101010000101100011110110100111110101001111 0.9714000225067139 0.7664953302592039
	Generation 18
110110110001111100010001111011011111100010010110110100111110101011111 0.9778000116348267 0.7523627867301306
110010110001100011011110110011011100101100011110110100111110101011111 0.9771000146865845 0.7582703238974015
110010110101100110011111110110110110100011100110101000001010000100110 0.9768000245094299 0.7511000188462662
110010111001100110010111110100110110001000010110110100111110101011111 0.9768000245094299 0.7104000178250399
110010110001100011011110110100110111101000011110110100111100100011111 0.9757999777793884 0.7801317530684173
110110110001111100010001111001011000101100010110110100111110101011111 0.9746999740600586 0.7499774800406562
110110010001110100010001111011011111100010010110110100111110101011111 0.9746000170707703 0.749900568690565
110010110001110101011110110100110111101000011110110100111110001011111 0.9745000004768372 0.761328125372529
110010110001110110011111110100110110000011110010110100111010101111101 0.974399983882904 0.7455636240316159
110010110001110101010001111001011000101100011110110100111110101011111 0.9740999937057495 0.7584789013490081
110010110001110101001110110100110111101000011110110100111110001011111 0.9735999703407288 0.7606249768286943
110110010001110100010001111011011111100010010110110100111010101011111 0.9735999703407288 0.7491310882899497
110010110001100011011110110100011111100010011110110100111010101011111 0.9735000133514404 0.7656171980003517
110010110101100110011111100110110110000011110110101000001010000100110 0.9731000065803528 0.7482549293023167
110011111001100111010111110100110110000011100110101000001010000100110 0.9729999899864197 0.7629204466938972
110010010001110100010001111011011111100010010110110100111010101011111 0.9729999899864197 0.7223787804444631
110010111001100111010111110100110110000011110110101000001010100101100 0.972599983215332 0.7478704416390621
110010010001010100110001110100110110000011110110110000001110001011111 0.9724000096321106 0.7587666741826318
110010110001100111011110110100110111101000011110110100001110001011111 0.9722999930381775 0.7697374944885571
110010010001110100010001111011110111101000010110110100111100100011111 0.9722999930381775 0.7218590857404651
110110110001111100010001111001011000101100010110110100111110101011111 0.9722999930381775 0.7481308279765977
110110110001110100010001111001011000101100010110110100111110101011111 0.9721999764442444 0.7453533152739207
110110010001110100010001111001011000101100010110110100111110101011111 0.9721999764442444 0.7480538707640436
110010110001110101001110110100110111101011110010110100101110001111101 0.972100019454956 0.743803802764777
110010111001100111010111110100110110000000110110110100001110001011111 0.9718000292778015 0.7067636576565829
	Generation 19
110110110001111100010001111011011111100010010110110100111110101011111 0.9778000116348267 0.7849561204512915
110010110001100011011110110011011100101100011110110100111110101011111 0.9771000146865845 0.6463109472145636
110010110101100110011111110110110110100011100110101000001010000100110 0.9768000245094299 0.7881000197746536
110010111001100110010111110100110110001000010110110100111110101011111 0.9768000245094299 0.7770000194961374
110010110001100011011110110100110111101000011110110100111100100011111 0.9757999777793884 0.6835682136006652
110010110001110101010001111001011000101100011110110100111110101011111 0.9753999710083008 0.6451864391565322
110110110001111100010001111001011000101100010110110100111110101011111 0.9746999740600586 0.7824674791759915
110110110001111100010001111010011111100010010110110100111100100011111 0.9746999740600586 0.7824674791759915
110110010001110100010001111011011111100010010110110100111110101011111 0.9746000170707703 0.7932161250048213
110010110001110101011110110100110111101000011110110100111110001011111 0.9745000004768372 0.6445911461487411
110010110001110110011111110100110110000011110010110100111010101111101 0.974399983882904 0.8119999865690868
110010110001110101010001111001011000101100011110110100111110101011111 0.9740999937057495 0.6443265583366155
110010110001100011011111110100110111101000011110110100111110001011111 0.973800003528595 0.6441281273340185
110010110001110101001110110100110111101000011110110100111110001011111 0.9735999703407288 0.6439958137149612
110110010001110100010001111011011111100010010110110100111010101011111 0.9735999703407288 0.7924021980828709
110010110001100011011110110100011111100010011110110100111010101011111 0.9735000133514404 0.6616757903248072
110010110101100110011111100110110110000011110110101000001010000100110 0.9731000065803528 0.7851147780364209
110011111001100111010111110100110110000011100110101000001010000100110 0.9729999899864197 0.7960909008979797
110010010001110100010001111011011111100010010110110100111010101011111 0.9729999899864197 0.7813484768072764
110010110001110101011110110100110111101000011110110100111110001011111 0.9728000164031982 0.6434666775166987
110010111001100111010111110100110110000011110110101000001010100101100 0.972599983215332 0.7883954409397009
110010010001010100110001110100110110000011110110110000001110001011111 0.9724000096321106 0.8029666746204549
110010110001100111011110110100110111101000011110110100001110001011111 0.9722999930381775 0.6633921827500066
110010010001110100010001111011110111101000010110110100111100100011111 0.9722999930381775 0.7807863580458092
110110110001111100010001111001011000101100010110110100111110101011111 0.9722999930381775 0.7805408277445369
	Generation 20
110110110001111100010001111011011111100010010110110100111110101011111 0.9778000116348267 0.7849561204512915
110010110001100011011110110011011100101100011110110100111110101011111 0.9771000146865845 0.6132320404673617
110110110001111100010001111001011000101100010110110100111110101011111 0.9771000146865845 0.7843941784567303
110010110101100110011111110110110110100011100110101000001010000100110 0.9768000245094299 0.8029000201460086
110010111001100110010111110100110110001000010110110100111110101011111 0.9768000245094299 0.8066000202388475
110010110001100011011110110100110111101000011110110100111100100011111 0.9757999777793884 0.6505333185195924
110010110001110101010001111001011000101100011110110100111110101011111 0.9753999710083008 0.609624981880188
110010110001110101011110110100110111101000011110110100111110000011111 0.9750999808311462 0.6246734252199531
110110110001111100010001111001011000101100010110110100111110101011111 0.9746999740600586 0.7824674791759915
110110110001111100010001111010011111100010010110110100111100100011111 0.9746999740600586 0.7824674791759915
110110010001110100010001111011011111100010010110110100111110101011111 0.9746000170707703 0.7932161250048213
110010110001110101011110110100110111101000011110110100111110001011111 0.9745000004768372 0.6065247398801147
110010110001110110011111110100110110000011110010110100111010101111101 0.974399983882904 0.8415272588079626
110010110001110101010001111001011000101100011110110100111110101011111 0.9740999937057495 0.6088124960660934
110010110001100011011111110100110111101000011110110100111110001011111 0.973800003528595 0.6086250022053719
110010110001110101001110110100110111101000011110110100111110001011111 0.9735999703407288 0.6059645648735265
110110010001110100010001111011011111100010010110110100111010101011111 0.9735999703407288 0.7924021980828709
110010110001100011011110110100011111100010011110110100111010101011111 0.9735000133514404 0.6312539149075747
110010110101100110011111100110110110000011110110101000001010000100110 0.9731000065803528 0.7998587175300627
110011111001100111010111110100110110000011100110101000001010000100110 0.9729999899864197 0.8108333249886831
110010010001110100010001111011011111100010010110110100111010101011111 0.9729999899864197 0.8218901430567106
110010110001110101011110110100110111101000011110110100111110001011111 0.9728000164031982 0.6054666768759488
110010111001100111010111110100110110000011110110101000001010100101100 0.972599983215332 0.8031318043217514
110010010001010100110001110100110110000011110110110000001110001011111 0.9724000096321106 0.8361166749488224
110010110001100111011110110100110111101000011110110100001110001011111 0.9722999930381775 0.6304757767356932
	Generation 21
110110110001111100010001111011011111100011110110110000001110101011111 0.9785000085830688 0.7284388952785068
110110110001111100010001111011011111100010010110110100111110101011111 0.9778000116348267 0.7116211195786792
110010110001100011011110110011011100101100011110110100111110101011111 0.9771000146865845 0.6844789165382583
110110110001111100010001111001011000101100010110110100111110101011111 0.9771000146865845 0.7111116773552363
110010110101100110011111110110110110100011100110101000001010000100110 0.9768000245094299 0.8029000201460086
110010111001100110010111110100110110001000010110110100111110101011111 0.9768000245094299 0.7881000197746537
110011111001100111010111110100110110100011110110111000001110001010111 0.9763000011444092 0.8061871221571258
110010110001100011011110110100110111101000011110110100111100100011111 0.9757999777793884 0.7115208171308042
110010110001110101010001111001011000101100011110110100111110101011111 0.9753999710083008 0.6807478964328767
110010110001110101011110110100110111101000011110110100111110000011111 0.9750999808311462 0.6957744654888909
110110110001111100010001111001011000101100010110110100111110101011111 0.9746999740600586 0.7093649811214869
110110110001111100010001111010011111100010010110110100111100100011111 0.9746999740600586 0.7093649811214869
110110010001110100010001111011011111100010010110110100111110101011111 0.9746000170707703 0.7201211237245136
110010110001110101011110110100110111101000011110110100111110001011111 0.9745000004768372 0.6826575524173676
110010110001110110011111110100110110000011110010110100111010101111101 0.974399983882904 0.8378363497781032
110110010001110100010001111011011111100010010110110100111110100011111 0.974399983882904 0.7199733214245903
110010110001110101010001111001011000101100011110110100111110101011111 0.9740999937057495 0.6798406206071378
110010110001100011011111110100110111101000011110110100111110001011111 0.973800003528595 0.6847031274810433
110010110001110101001110110100110111101000011110110100111110001011111 0.9735999703407288 0.6820270625563959
110110010001110100010001111011011111100010010110110100111010101011111 0.9735999703407288 0.7193822003073163
110010110001100011011110110100011111100010011110110100111010101011111 0.9735000133514404 0.6971679783115784
110010110101100110011111100110110110000011110110101000001010000100110 0.9731000065803528 0.7998587175300627
110011111001100111010111110100110110000011100110101000001010000100110 0.9729999899864197 0.8034621129433314
110010010001110100010001111011011111100010010110110100111010101011111 0.9729999899864197 0.8218901430567106
110010111001100110010111110100110110001000010110110100111110101011111 0.9729999899864197 0.7850340828299524
	Generation 22
110110110001111100010001111011011111100011110110110000001110101011111 0.9785000085830688 0.6577694502141741
110110110001111100010001111011011111100010010110110100111110101011111 0.9778000116348267 0.6355700075626373
110010110001100011011110110011011100101100011110110100111110101011111 0.9771000146865845 0.6463109472145636
110110110001111100010001111001011000101100010110110100111110101011111 0.9771000146865845 0.6351150095462799
110010110101100110011111110110110110100011100110101000001010000100110 0.9768000245094299 0.8880000222812999
110010111001100110010111110100110110001000010110110100111110101011111 0.9768000245094299 0.8658000217242674
110110110001111100010001111011011111000011110110110100111010101011111 0.9767000079154968 0.6348550051450729
110011111001100111010111110100110110100011110110111000001110001010111 0.9763000011444092 0.8875454555858265
110010110001100011011110110100110111101000011110110100111100100011111 0.9757999777793884 0.6734036304987968
110010110001110101010001111001011000101100011110110100111110101011111 0.9753999710083008 0.6451864391565322
110010110001110101011110110100110111101000011110110100111110000011111 0.9750999808311462 0.6653025910879176
110010110001100011010001111011010111101001011110110100111100101011111 0.9747999906539917 0.6574822853629788
110110110001111100010001111001011000101100010110110100111110101011111 0.9746999740600586 0.633554983139038
110110110001111100010001111010011111100010010110110100111100100011111 0.9746999740600586 0.633554983139038
110010110101100110011111100110110110000011010110110100111100000011111 0.9746999740600586 0.8639386133714155
110110010001110100010001111011011111100010010110110100111110101011111 0.9746000170707703 0.6443189001745648
110010110001110101011110110100110111101000011110110100111110001011111 0.9745000004768372 0.6496666669845582
110010110001110110011111110100110110000011110010110100111010101111101 0.974399983882904 0.8931999852259953
110110010001110100010001111011011111100010010110110100111110100011111 0.974399983882904 0.6441866560114755
110110010001110100010001111010011111100010010110110100111100100011111 0.9742000102996826 0.6440544512536791
110010110001110101010001111001011000101100011110110100111110101011111 0.9740999937057495 0.6443265583366155
110010110001100011011111110100110111101000011110110100111110001011111 0.973800003528595 0.6492000023523967
110010110001110101001110110100110111101000011110110100111110001011111 0.9735999703407288 0.6490666468938192
110110010001110100010001111011011111100010010110110100111010101011111 0.9735999703407288 0.643657758169704
110010110001100011011110110100011111100010011110110100111010101011111 0.9735000133514404 0.6591406340400378
	Generation 23
110110110001111100010001111011011111100011110110110000001110101011111 0.9785000085830688 0.690386117166943
110110110001111100010001111011011111100010010110110100111110101011111 0.9778000116348267 0.6708794524272284
110010110001100011011110110011011100101100011110110100111110101011111 0.9771000146865845 0.6514000097910564
110110110001111100010001111001011000101100010110110100111110101011111 0.9771000146865845 0.6703991767432954
110010110101100110011111110110110110100011100110101000001010000100110 0.9768000245094299 0.85840002153859
110010111001100110010111110100110110001000010110110100111110101011111 0.9768000245094299 0.8325000208887187
110110110001111100010001111011011111000011110110110100111010101011111 0.9767000079154968 0.6701247276531326
110011111001100111010111110100110110100011110110111000001110001010111 0.9763000011444092 0.8616587131312399
110010110101100110010001111011011111100010110110110000001110000011111 0.9763000011444092 0.8283757585467715
110010110001100011011110110100110111101000011110110100111100100011111 0.9757999777793884 0.6708624847233295
110010110001110101010001111001011000101100011110110100111110101011111 0.9753999710083008 0.6502666473388673
110010110001110101011110110100110111101000011110110100111110000011111 0.9750999808311462 0.6653025910879176
110010110001100011010001111011010111101001011110110100111100101011111 0.9747999906539917 0.6600208270053068
110010111001100011011110110100110111101000011110110100111100100011111 0.9747999906539917 0.6904833267132441
110110110001111100010001111001011000101100010110110100111110101011111 0.9746999740600586 0.668752482202318
110110110001111100010001111010011111100010010110110100111100100011111 0.9746999740600586 0.668752482202318
110010110101100110011111100110110110000011010110110100111100000011111 0.9746999740600586 0.8270181598085345
110110010001110100010001111011011111100010010110110100111110101011111 0.9746000170707703 0.6849272342191801
110010110001110101011110110100110111101000011110110100111110001011111 0.9745000004768372 0.654742187820375
110010110001110110011111110100110110000011110010110100111010101111101 0.974399983882904 0.8710545310468385
110110010001110100010001111011011111100010010110110100111110100011111 0.974399983882904 0.6847866553399298
110110010001110100010001111010011111100010010110110100111100100011111 0.9742000102996826 0.6846461183494991
110010110001110101010001111001011000101100011110110100111110101011111 0.9740999937057495 0.6493999958038331
110010110001100011011111110100110111101000011110110100111110001011111 0.973800003528595 0.6542718773707747
110010110001110101001110110100110111101000011110110100111110001011111 0.9735999703407288 0.6541374800726771
	Generation 24
110110110001111100010001111011011111100011110110110000001110101011111 0.9785000085830688 0.6496152834759819
110110110001111100010001111011011111100010010110110100111110101011111 0.9778000116348267 0.6328538964192072
110010110001100011011110110011011100101100011110110100111110101011111 0.9771000146865845 0.7251914171501994
110110110001111100010001111001011000101100010110110100111110101011111 0.9771000146865845 0.6324008428388171
110010110101100110011111110110110110100011100110101000001010000100110 0.9768000245094299 0.8325000208887187
110010111001100110010111110100110110001000010110110100111110101011111 0.9768000245094299 0.8029000201460086
110110110001111100010001111011011111000011110110110100111010101011111 0.9767000079154968 0.6321419495675298
110110110001111100010001111011011111100010010110110000001110101011111 0.9764999747276306 0.6482874832219548
110011111001100111010111110100110110100011110110111000001110001010111 0.9763000011444092 0.8246776524818306
110010110101100110010001111011011111100010110110110000001110000011111 0.9763000011444092 0.7987909100272439
110010110001100011011110110100110111101000011110110100111100100011111 0.9757999777793884 0.7343911291100085
110010110001110101010001111001011000101100011110110100111110101011111 0.9753999710083008 0.7239296659827232
110010110001110101011110110100110111101000011110110100111110000011111 0.9750999808311462 0.738942954223603
110011111001100111010111110110110110100011110110111000001101101011111 0.9750000238418579 0.812500019868215
110010110001100011010001111011010111101001011110110100111100101011111 0.9747999906539917 0.7285614513481656
110010111001100011011110110100110111101000011110110100111100100011111 0.9747999906539917 0.7488697844867904
110110110001111100010001111001011000101100010110110100111110101011111 0.9746999740600586 0.6308474832110934
110110110001111100010001111010011111100010010110110100111100100011111 0.9746999740600586 0.6308474832110934
110010110101100110011111100110110110000011010110110100111100000011111 0.9746999740600586 0.8011738423145179
110110010001110100010001111011011111100010010110110100111110101011111 0.9746000170707703 0.652440566983488
110010110001110101011110110100110111101000011110110100111110001011111 0.9745000004768372 0.7334127607755363
110010110001110110011111110100110110000011110010110100111010101111101 0.974399983882904 0.8562908949274005
110110010001110100010001111011011111100010010110110100111110100011111 0.974399983882904 0.6523066558771664
110110010001110100010001111010011111100010010110110100111100100011111 0.9742000102996826 0.6521727846728431
110010110001110101010001111001011000101100011110110100111110101011111 0.9740999937057495 0.722964839078486
	Generation 25
110110110001111100010001111011011111100011110110110000001110101011111 0.9785000085830688 0.7148486173815198
110110110001111100010001111011011111100010010110110100111110101011111 0.9778000116348267 0.703472786148389
110010110001100011011110110011011100101100011110110100111110101011111 0.9771000146865845 0.6870234478265047
110110110001111100010001111001011000101100010110110100111110101011111 0.9771000146865845 0.7029691772328481
110010111001100111010111110100110110100011110110111000001100100011111 0.9768999814987183 0.7622780158664241
110010111001100110010111110100110110001000011110110100111110101011111 0.9768999814987183 0.6996028513337175
110010110101100110011111110110110110100011100110101000001010000100110 0.9768000245094299 0.8029000201460087
110010111001100110010111110100110110001000010110110100111110101011111 0.9768000245094299 0.76960001931046
110110110001111100010001111011011111000011110110110100111010101011111 0.9767000079154968 0.702681394583649
110110110001111100010001111011011111100010010110110000001110101011111 0.9764999747276306 0.7133874815371302
110011111001100111010111110100110110100011110110111000001110001010111 0.9763000011444092 0.791394697897362
110010110101100110010001111011011111100010110110110000001110000011111 0.9763000011444092 0.7655079554427754
110010110001100011011110110100110111101000011110110100111100100011111 0.9757999777793884 0.7013562340289354
110010110001110101010001111001011000101100011110110100111110101011111 0.9757000207901001 0.6885799625888468
110010110001110101010001111001011000101100011110110100111110101011111 0.9753999710083008 0.688368208706379
110010110001110101011110110100110111101000011110110100111110000011111 0.9750999808311462 0.7084710798226297
110011111001100111010111110110110110100011110110111000001101101011111 0.9750000238418579 0.775568200783296
110010110001100011010001111011010111101001011110110100111100101011111 0.9747999906539917 0.6930218683555722
110010111001100011011110110100110111101000011110110100111100100011111 0.9747999906539917 0.713330201494197
110110110001111100010001111001011000101100010110110100111110101011111 0.9746999740600586 0.7012424813376531
110110110001111100010001111010011111100010010110110100111100100011111 0.9746999740600586 0.7012424813376531
110010110101100110011111100110110110000011010110110100111100000011111 0.9746999740600586 0.771637479464213
110110010001110100010001111011011111100010010110110100111110101011111 0.9746000170707703 0.7336572350727187
110010110001110101011110110100110111101000011110110100111110001011111 0.9745000004768372 0.7004218753427267
110010110001110110011111110100110110000011110010110100111010101111101 0.974399983882904 0.8378363497781032
	Generation 26
110110110001111100010001111011011111100110010110110100111110101011111 0.9786999821662903 0.663341099023819
110110110001111100010001111011011111100011110110110000001110101011111 0.9785000085830688 0.6767958392699559
110110110001111100010001111011011111100010010110110100111110101011111 0.9778000116348267 0.6627311189969382
110010110101100110011111100111011111100010110110110000111100000011111 0.9772999882698059 0.7477825667822
110010110001100011011110110011011100101100011110110100111110101011111 0.9771000146865845 0.722646885861953
110110110001111100010001111001011000101100010110110100111110101011111 0.9771000146865845 0.6622566766209073
110010111001100111010111110100110110100011110110111000001100100011111 0.9768999814987183 0.7474765009952313
110010111001100110010111110100110110001000011110110100111110101011111 0.9768999814987183 0.7326749861240387
110010110101100110011111110110110110100011100110101000001010000100110 0.9768000245094299 0.7881000197746537
110010111001100110010111110100110110001000010110110100111110101011111 0.9768000245094299 0.7622000191247824
110110110001111100010001111011011111000011110110110100111010101011111 0.9767000079154968 0.6619855609205034
110110110001111100010001111011011111100010010110110000001110101011111 0.9764999747276306 0.6754124825199445
110011111001100111010111110100110110100011110110111000001110001010111 0.9763000011444092 0.7803003797025391
110010110101100110010001111011011111100010110110110000001110000011111 0.9763000011444092 0.7470174251180707
110010110001100011011110110100110111101000011110110100111100100011111 0.9757999777793884 0.7318499833345413
110010110001110101010001111001011000101100011110110100111110101011111 0.9757000207901001 0.7266932446509601
110010110001110101010001111001011000101100011110110100111110101011111 0.9753999710083008 0.7264697700738908
110010110001110101011110110100110111101000011110110100111110000011111 0.9750999808311462 0.7465609228238463
110011111001100111010111110110110110100011110110111000001101101011111 0.9750000238418579 0.7607954731493285
110010110001100011010001111011010111101001011110110100111100101011111 0.9747999906539917 0.7260229097058376
110010111001100011011110110100110111101000011110110100111100100011111 0.9747999906539917 0.7412541595598061
110110110001111100010001111001011000101100010110110100111110101011111 0.9746999740600586 0.6606299824184841
110110110001111100010001111010011111100010010110110100111100100011111 0.9746999740600586 0.6606299824184841
110010110101100110011111100110110110000011010110110100111100000011111 0.9746999740600586 0.7605613433953488
110110010001110100010001111011011111100010010110110100111110101011111 0.9746000170707703 0.6984633455673852
	Generation 27
110110110001111100010001111011011111100110010110110100111110101011111 0.9786999821662903 0.7802413746714592
110010111001100110010001111011011110001010010110110100111110101011111 0.978600025177002 0.6857613812793384
110110110001111100010001111011011111100011110110110000001110101011111 0.9785000085830688 0.7855180624458525
110110110001111100010001111011011111100010010110110100111110101011111 0.9778000116348267 0.7795238981644312
110010111001100110011110110100110110001000010110110100111110100011111 0.9775000214576721 0.6849905453396565
110010110101100110011111100111011111100010110110110000111100000011111 0.9772999882698059 0.6885522644628178
110010111001100111110111110100110110100011110110111000001100000100110 0.9772999882698059 0.7033598400426634
110010110001100011011110110011011100101100011110110100111110101011111 0.9771000146865845 0.6921125104029973
110110110001111100010001111001011000101100010110110100111110101011111 0.9771000146865845 0.7789658450418048
110010111001100111010111110100110110100011110110111000001100100011111 0.9768999814987183 0.6845700627926623
110010111001100110010111110100110110001000011110110100111110101011111 0.9768999814987183 0.70469087207069
110010110001100011011111110100110111101000011110110100111100100011111 0.9768999814987183 0.7021468617022038
110010110101100110011111110110110110100011100110101000001010000100110 0.9768000245094299 0.7437000186605887
110010111001100110010111110100110110001000010110110100111110101011111 0.9768000245094299 0.6845000171751686
110010110101100110011111111001011100101100011110110100111101101011111 0.9768000245094299 0.7275125182544192
110110110001111100010001111011011111000011110110110100111010101011111 0.9767000079154968 0.7786469507548544
110110110001111100010001111011011111100010010110110000001110101011111 0.9764999747276306 0.7839124797119035
110011111001100111010111110100110110100011110110111000001110001010111 0.9763000011444092 0.7359231069232478
110010110101100110010001111011011111100010110110110000001110000011111 0.9763000011444092 0.6878477280790155
110010110101100110011111100111011111100000011110110000111110100011111 0.9760000109672546 0.721833341444532
110010110001110101010001100110110110000011010110110100111110000011111 0.9758999943733215 0.7319249957799911
110010110001100011011110110100110111101000011110110100111100100011111 0.9757999777793884 0.7013562340289354
110010110001110101010001111001011000101100011110110100111110101011111 0.9757000207901001 0.6987435044720768
110010110001110101010001111001011000101100011110110100111110101011111 0.9753999710083008 0.6985286250710486
110010110001110101011110110100110111101000011110110100111110000011111 0.9750999808311462 0.7186283712896209
	Generation 28
110110110001111100010001111011011111100110010110110100111110101011111 0.9786999821662903 0.660622487962246
110110110001111100010001111011011111100110010110110100111110101011111 0.9786999821662903 0.660622487962246
110010111001100110010001111011011110001010010110110100111110101011111 0.978600025177002 0.6857613812793384
110110110001111100010001111011011111100011110110110000001110101011111 0.9785000085830688 0.6740777836905585
110110110001111100010001111011011111100010010110110100111110101011111 0.9778000116348267 0.6600150078535081
110010111001100110011110110100110110001000010110110100111110100011111 0.9775000214576721 0.6849905453396565
110010110101100110011111100111011111100010110110110000111100000011111 0.9772999882698059 0.6885522644628178
110010111001100111110111110100110110100011110110111000001100000100110 0.9772999882698059 0.7033598400426634
110010110001100011011110110011011100101100011110110100111110101011111 0.9771000146865845 0.8015273557975888
110110110001111100010001111001011000101100010110110100111110101011111 0.9771000146865845 0.6595425099134445
110010111001100111010111110100110110100011110110111000001100100011111 0.9768999814987183 0.6845700627926623
110010111001100110010111110100110110001000011110110100111110101011111 0.9768999814987183 0.8064512868101399
110010110001100011011111110100110111101000011110110100111100100011111 0.9768999814987183 0.8013632660731673
110010110101100110011111110110110110100011100110101000001010000100110 0.9768000245094299 0.7437000186605887
110010111001100110010111110100110110001000010110110100111110101011111 0.9768000245094299 0.6845000171751686
110010110101100110011111111001011100101100011110110100111101101011111 0.9768000245094299 0.814000020424525
110110110001111100010001111011011111000011110110110100111010101011111 0.9767000079154968 0.6592725053429604
110110110001111100010001111011011111100010010110110000001110101011111 0.9764999747276306 0.6726999825901455
110110110001111100010001111011110111000011110110110100111110001011111 0.9764000177383423 0.6590700119733811
110011111001100111010111110100110110100011110110111000001110001010111 0.9763000011444092 0.7359231069232478
110010110101100110010001111011011111100010110110110000001110000011111 0.9763000011444092 0.6878477280790155
110010110101100110011111100111011111100000011110110000111110100011111 0.9760000109672546 0.8133333424727123
110010110001110101010001100110110110000011010110110100111110000011111 0.9758999943733215 0.7319249957799911
110010110001100011011110110100110111101000011110110100111100100011111 0.9757999777793884 0.8004609192721546
110101110001111100010001111001111000101100010110110100111110101011111 0.9757999777793884 0.6776388734579086
	Generation 29
110110110001111100010001111011011111100110010110110100111110101011111 0.9786999821662903 0.6986830428242683
110110110001111100010001111011011111100110010110110100111110101011111 0.9786999821662903 0.6986830428242683
110010111001100110010001111011011110001010010110110100111110101011111 0.978600025177002 0.7042954726652666
110110110001111100010001111011011111100011110110110000001110101011111 0.9785000085830688 0.7094125062227249
110010110101100010011111111001011100101100011110110100111101101011111 0.9782999753952026 0.746463262476027
110010111001100110010111110100110110001000011110100000111110101011111 0.9782000184059143 0.7642187643796206
110110110001111100010001111011011111100010010110110100111110101011111 0.9778000116348267 0.6980405638615289
110010111001100110011110110100110110001000010110110100111110100011111 0.9775000214576721 0.7035038033218095
110010110101100110011111100111011111100100110110110000111100000011111 0.9775000214576721 0.7109091065146707
110010110101100110011111100111011111100010110110110000111100000011111 0.9772999882698059 0.7107636278325862
110010111001100111110111110100110110100011110110111000001100000100110 0.9772999882698059 0.729273097307393
110010110001100011011110110011011100101100011110110100111110101011111 0.9771000146865845 0.7353695423031846
110110110001111100010001111001011000101100010110110100111110101011111 0.9771000146865845 0.6975408438179227
110010110101100110011111110100110111100000011110110100111100100011111 0.9771000146865845 0.7404586048796773
110010111001100111010111110100110110100011110110111000001100100011111 0.9768999814987183 0.7104727138172496
110010111001100110010111110100110110001000011110110100111110101011111 0.9768999814987183 0.7377630068610113
110010110001100011011111110100110111101000011110110100111100100011111 0.9768999814987183 0.7403070172294974
110010110001100011011111100111011111101000011110110000111110100011111 0.9768999814987183 0.7504830587034423
110010110101100110011111110110110110100011100110101000001010000100110 0.9768000245094299 0.7659000192176212
110010111001100110010111110100110110001000010110110100111110101011111 0.9768000245094299 0.7030000176393625
110010110101100110011111111001011100101100011110110100111101101011111 0.9768000245094299 0.7453187687012057
110010111001100110010001111001011110001010000110110100110110101011111 0.9768000245094299 0.7030000176393625
110110110001111100010001111011011111000011110110110100111010101011111 0.9767000079154968 0.6972552834285629
110110110001111100010001111011011111100010010110110000001110101011111 0.9764999747276306 0.7079624816775322
110110110001111100010001111011110111000011110110110100111110001011111 0.9764000177383423 0.6970411237743165
	Generation 30
110110110001111100010001111011011111100110010110110100111110101011111 0.9786999821662903 0.8183019295334816
110110110001111100010001111011011111100110010110110100111110101011111 0.9786999821662903 0.8183019295334816
110010111001100110010001111011011110001010010110110100111110101011111 0.978600025177002 0.6301591071215542
110110110001111100010001111011011111100011110110110000001110101011111 0.9785000085830688 0.8262888961368137
110010110101100010011111111001011100101100011110110100111101101011111 0.9782999753952026 0.7158913882449268
110010110001100011011111100100111111101000011110110000111110101011111 0.9782999753952026 0.705700763501227
110010111001100110010111110100110110001000011110100000111110101011111 0.9782000184059143 0.728555222041905
110110110001111100010001111011011111100010010110110100111110101011111 0.9778000116348267 0.8175494541724523
110010111001100110011110110100110110001000010110110100111110100011111 0.9775000214576721 0.6294507713931978
110010110101100110011111100111011111100100110110110000111100000011111 0.9775000214576721 0.6442613777789201
110010110101100110011111100111011111100010110110110000111100000011111 0.9772999882698059 0.6441295377232811
110010111001100111110111110100110110100011110110111000001100000100110 0.9772999882698059 0.6626390071980881
110010111001100111010111110100110110100011110110111000001100101011111 0.9772999882698059 0.6367257499333585
110010110001100011011110110011011100101100011110110100111110101011111 0.9771000146865845 0.69720157297949
110110110001111100010001111001011000101100010110110100111110101011111 0.9771000146865845 0.8169641789462831
110010110101100110011111110100110111100000011110110100111100100011111 0.9771000146865845 0.7099242294207215
110010111001100110010001111011011110001010010110110100111110100011111 0.9769999980926514 0.6291287866505708
110010111001100111010111110100110110100011110110111000001100100011111 0.9768999814987183 0.6364651394612862
110010111001100110010111110100110110001000011110110100111110101011111 0.9768999814987183 0.7021468617022038
110010110001100011011111110100110111101000011110110100111100100011111 0.9768999814987183 0.7072348824391762
110010110001100011011111100111011111101000011110110000111110100011111 0.9768999814987183 0.7123229031761488
110010110101100110011111110110110110100011100110101000001010000100110 0.9768000245094299 0.7141000179178786
110010111001100110010111110100110110001000010110110100111110101011111 0.9768000245094299 0.6290000157825874
110010110101100110011111111001011100101100011110110100111101101011111 0.9768000245094299 0.7147937679352859
110010111001100110010001111001011110001010000110110100110110101011111 0.9768000245094299 0.6290000157825874
