Generation 1
0000100111110000111111111000100010101110001100011011001001000000100 0.17020000517368317
0000011011001001000000001000111010010100011100010100101000110001111 0.10000000149011612
1000101110101010100110011110111101111111101001001000011000000000100 0.10050000250339508
0100000111100000000010001000111010111000100100110001100100010011010 0.09799999743700027
1000010011110111110011110110011101100010100101110010011010011000101 0.13910000026226044
0001010000001110100011111110001101001111000110010110100010111001100 0.09459999948740005
0000001010100110000001001100001111110011010101101101010101101111011 0.311599999666214
0100000100001111000111111110011111100011111110110100111111100011110 0.13570000231266022
0001101000000011011011000011011000101100100111111101101111010010001 0.20399999618530273
1001111100001101101000000001111010010101010011101111010111011110111 0.2581999897956848
1001101011000101010001100010100000110011001110000001010100001010001 0.09709999710321426
0110101001000000010000000011010010111010010011101100111001110111111 0.10000000149011612
1001101111000011001111101010010011100010110011110000110100111101100 0.1307000070810318
1100001101011101010110000010000011001001110001000001110100000101010 0.12210000306367874
1110010011000001011000101001000110010111110111001111000111101110011 0.1023000031709671
1000111100110011100101000001101100000010000101000110001001010010011 0.10769999772310257
1000010111010010011010000101010010100100101000011111100010100010100 0.14159999787807465
0000101100101011111110111000110000111011011101011010101110110011101 0.2298000007867813
0101011001001010000000100110001111000101100011011100010000010011110 0.12409999966621399
0100101110101001011111010001011111001100101001000100100000101100000 0.10329999774694443
0000111100111000100010110011001101110101110110101011000100101100100 0.21050000190734863
1100010000100010001101110000100111011100001000000100001010000011001 0.10840000212192535
1100110101011000000111000100010001010111111101111000110101011011100 0.26809999346733093
0101011100010001010001110010001100111110011101111110000011000000001 0.07930000126361847
1101011110001000000011101101001001001100100100001010111011111000001 0.10580000281333923
1000110011100001110000101001111100100000110010000001110111100110101 0.12039999663829803
0001011011001001000001000011010011000000010011111010100101101011110 0.18860000371932983
1100010110000100000111100110100100111001111100001100010000101001010 0.11699999868869781
0000101001111001000000101010011011100111000000001011001010110100011 0.11760000139474869
1100101101111010111110000100000000110110000011100100010110000110001 0.10010000318288803
1001100010000101011001010000000010111100001001111000001000000010100 0.13019999861717224
1100101101011110000010110101001101110101100001010111110101011110111 0.2551000118255615
0001111111011010000001011011010000110100101011100001110101100010110 0.1581999957561493
0000101000011001110000101111011110110010011111001011101110001111111 0.10000000149011612
0000100000110100000011011110011110010000111101011101011111010001000 0.09860000014305115
1001110000000101100000001010010100110111011111010001000010001000000 0.10000000149011612
1000000001110010010110100101000001010101111010101010110100001100110 0.10040000081062317
1000010100000011011011011001111000011001110010101001011011111110011 0.09870000183582306
0100101001101000101000100110100100010110100001000011010110101111011 0.227400004863739
0100100010100110000011100111111101011011101001000011010000010001110 0.1324000060558319
0001100110001101011010010001111010011110010010000011110000100100110 0.10000000149011612
1100011001011111110010101011011110110101110101111111110111010011111 0.4142000079154968
1001100100000000101110110111000110100101010000111011001011100111110 0.11779999732971191
1000010111000100000101111101111111001111110010101100101010100110011 0.09570000320672989
0100001011100001000000101000100110111100000101001001010100011000001 0.08959999680519104
1100101101010011001110011111011100000110001010100011000101110100100 0.2897999882698059
1100011100111100100011111001111011110011111000001001010010101111011 0.23690000176429749
0101100101001011110000110111110101110100110110000010001010001011001 0.09049999713897705
1001111101001000101101000101001011110010011110011101000001111101111 0.10000000149011612
1000101000110001100011001000000000011010101011000110001001101111100 0.23149999976158142
[0.4142000079154968]
[1, 1, 0, 0, 0, 1, 1, 0, 0, 1, 0, 1, 1, 1, 1, 1, 1, 1, 0, 0, 1, 0, 1, 0, 1, 0, 1, 1, 0, 1, 1, 1, 1, 0, 1, 1, 0, 1, 0, 1, 1, 1, 0, 1, 0, 1, 1, 1, 1, 1, 1, 1, 1, 1, 0, 1, 1, 1, 0, 1, 0, 0, 1, 1, 1, 1, 1] 0.4142000079154968 0.35502857821328304
Generation 2
1100011001011111110010101011011110110101110101111111110111010011111 0.4142000079154968
1100011001001111110011101011011110110101110101111111110111010111111 0.11630000174045563
0001111111011010000001011011010000110100101011100001110101101010110 0.16269999742507935
1100101101010011011110011111011100000110001010100011010101110100110 0.2572000026702881
0000101001111001000000101000011011100111000000001011001010110100001 0.10450000315904617
1001100100000000101110110111000110100101010000111011001011100111110 0.13699999451637268
1001100100000000101110110111000110100101010000111011001011100011110 0.10239999741315842
0001101000000011011111000011011000101100101100001001101111011111011 0.2085999995470047
1100011100111100100111111001111011110011101011111101010010100010001 0.09539999812841415
1100101001011111000010101011011110110101110101111111110101010111111 0.1429000049829483
1100011101011110110010110101001101110101100000010111110111011000111 0.10000000149011612
1100110101011000000111010011001101110101110110111000000100111111100 0.15119999647140503
0000111100111000100010100100010001010111111101101011110101001000110 0.22059999406337738
0000101100101011111110111000110000101011011101011010101111010011101 0.2312999963760376
1100011001011111110010101011011110110101110101111111110110110011111 0.4196999967098236
1001111100001101101000000001111010100101010010111011001011101110110 0.2460000067949295
1101111111011010000001011001010000110011111000001001010010101110110 0.14740000665187836
0000011100111100100011111001111010110100101011100001110101100011011 0.11219999939203262
1100101101001110000010110101001101101100100111111101001111011010101 0.10000000149011612
0001101000000011011011000011011000110101100001010111110101010110011 0.0997999981045723
0001101110001000000011101101001001001100100100001101101111111010001 0.0997999981045723
1101011000000011111011000011011000101100100111111010111011010000001 0.11980000138282776
1000010011100001110000100110100100010110100001000011010111100111111 0.10000000149011612
0100101001101000101000101001111100100000110010000001110110101110001 0.10000000149011612
1001111100001101101000001100001111010011010111101101010101011111011 0.2964000105857849
0000001010100110000001100001111010110101010011101111010111101110111 0.1923999935388565
1100101101010011001110011111011100000110001110100011000101010101100 0.28540000319480896
1100010000100010001101110000100111011101001000000100001010100110001 0.10000000149011612
1000010011110111110011010001111010011110010010000010010010100100101 0.1712000072002411
0001101110001101011000010110011101100010100101110011111000011000110 0.3075000047683716
1000101000111000100010110011001100110101110011000110000100101111100 0.19949999451637268
0001111100110001100011001010000001011010101110101011001001101100100 0
0100100010100110000011100100010001010101111101111000110101010111100 0.39259999990463257
1100110101011000000111000111111101011011101001000011010000011001110 0.18970000743865967
1100111001011111110010101011011110110111110101111000110101011011110 0.37470000982284546
1100010101011000000111000100010001010101110101111111110111010011101 0.29829999804496765
1011100010000101011001010000000010111100001001111111110100010011101 0
1100011001011111110010101011011110110101110101111000001011000010110 0.33629998564720154
0100101001101000101000100110100100010100101000011111010110100111110 0.2531999945640564
1000010111010010011010000101010010100110100001000011100011101010001 0.11580000072717667
1100101000000011011011000001001101110101100001011101110101010110111 0.36469998955726624
0001101101011110000010110111011001101100000011010111101111011010001 0
0000101000011001110000101111011110110010011111000111110101011111111 0.10000000149011612
1100101100011110000010110101001101110100100001011011101110001110111 0.273499995470047
1000010111110001100011001001010010100100101000011111100001101011100 0.1574999988079071
1000101000010010011010000100100001011010101011000110001010100110100 0.10639999806880951
1100011100111100100011111001110011110011111000001001101010101110000 0.1370999962091446
0001101000000011011011000011011000101100100111111101010111010011010 0.10620000213384628
1001101111000011001111101010010011100010110010111011011011100111100 0.16519999504089355
1001100100000000101110110111000110100101010001110000110100111101100 0.2766999900341034
1100011001011111110010101011011110110101110101111111110111010011111 0.4142000079154968
Generation 3
1100011001011111110010101011011110110101110101111111110110110011111 0.4196999967098236
1000010011110111110011010001111000101110010010000010010010101110001 0.09910000115633011
0001101000000011011111000011011010011100101100001001101111010101111 0.10000000149011612
1100101101010011001110111111011100100110011110100011000101010101100 0.2614000141620636
1100101101010011001110011111011100000110001110100011000101010101100 0.3149999976158142
1100011001011101110000010110011101100010100101110011111000010010111 0.4174000024795532
1100011001011111110010101011011110110100101000011111010111100011111 0.10000000149011612
0100101001101000101000100110100100010101110111111111110110011111110 0.10000000149011612
1001100100000000101110110111000110100101010001110000101110001110101 0.09109999984502792
1100101100011110000010110101001101110100100001011011110100111101110 0.10000000149011612
1100011001011111110011101001010010100100101000011111100001101011101 0.3075000047683716
1000010111110001100011001011011110110101110101111111110111010111110 0.10000000149011612
0000001010100110000001100001101010110101010011101111010111010110111 0.218299999833107
1100101000000011011011000001001101110101100001011101110101101110111 0.3732999861240387
0001101110001101011000010110011101100010100101110011111000011011110 0.3240000009536743
1100110101011000000111000111111101011011101001000011010000011000110 0.17980000376701355
0100100010100110000011100100010001010101111101111000110100010101100 0.362199991941452
1100110101011100000111001111111101011011101001000011010001011001110 0.24009999632835388
1101011000000011111011000011011110110111110101111000110111011101100 0.3255999982357025
1100111001011111110010100011011000101100100111111010111001010000011 0.23589999973773956
1100110101000000101110110111010110100101010001110000110100011001110 0.3260999917984009
1001100100011000000111000111111101011011101001000011010000111101100 0
1100101001011111110010101011011100000110001010100011110100110011110 0.20520000159740448
1100011101010011011110011111011110110101110101111111010111110100111 0.10000000149011612
1101100110000000101110100001001101110101100001011101110100111100110 0.10000000149011612
1000101000000011011011010111000110100101010011110000110101010111101 0.2808000147342682
1101011000000011111011000011011000101100100111100010010010100000001 0.10239999741315842
1000010011110111110011010001111010011110010010011010111011010100101 0.2777000069618225
0000101001111001000000101011011111100111000001111111110110110011111 0.3109000027179718
1100011001011111110010101001011010110101110100001011001011010100001 0.1216999962925911
1101011000000011111011000011010001010101111111111010111011010000001 0.10840000212192535
0100000010100110000011100000011000101000100101111000110101010111100 0.30660000443458557
1001100100000000101110110101000110101101000001010111110101010111001 0.12489999830722809
0001101000000011011011000011011000110111100001110000110100111100110 0.2840999960899353
1000101000100011011111000001001101110101001110110011000101110100111 0.10000000149011612
1100101101010011001110011111011100000110100001001101110101010111100 0.31060001254081726
1100010101011000000111000100010001010101110101111011010011011110111 0.2851000130176544
1001111100001101101000000001111010100101010010111111101111100001100 0.10000000149011612
1100111001011111110010101011011110110111110110111000000101111111100 0.30790001153945923
1100110101011000010111010011001101110101110101111000110100011011110 0.32710000872612
1100110101011000000111000111111101011011101001011000110101011101100 0.2563000023365021
0100100010100110000011100100010001010101111101100001010000010011110 0.2526000142097473
1001111100001101011000010110011111010011010111101101010101011011011 0.19699999690055847
0001101110001101101000001100001101100010100101110011111000011100110 0.10000000149011612
0000101100101011111010111000110000101100101000011111010110100111110 0.12460000067949295
0100101001101000101000100110100100010011011101011010101111010011101 0.19679999351501465
1001111110001101100000100100011001010111111101111000110101011111011 0.10000000149011612
0100100011100110000011001100000111010001010110101101010101110111101 0.10109999775886536
1100010101011000000111010100010001010101100101111111110110110111101 0.1006999984383583
1100011001011111110010101011011110110101110101111111110111010011011 0.24879999458789825
1100011001011111110010101011011110110101110101111111110110110011111 0.4196999967098236
Generation 4
1100011001011111110010101011011110110101110101111111110110110011111 0.4196999967098236
1100011001011111110011101001010010100100101000111111100001100011101 0.10000000149011612
1100011001011101110000010110011101100010100101010011101000011010111 0.3434999883174896
1100111001011111110010100011011000101100100111111101110101010011001 0.17399999499320984
1100101101010011001110011111011100000110100001011010111001010100110 0.2433999925851822
0100000010100110000011100000011000101000100101111101110101100111101 0.2822999954223633
1100101000000011011011000001001101110100100001011000110100011110110 0.21850000321865082
0001101110001101011000010010011101100010100101110000110100011111110 0.10010000318288803
0001101000000011001011000011011000110111100001110011111000111000110 0.24729999899864197
0000011001011111110010101011011110110101110101111111110111010011010 0.1177000030875206
1100101100101011011010111000110000101100101000011111010110100111111 0.10000000149011612
0100101001101000101110110111010110100101010001011010101111010011111 0.227400004863739
1100110101000000101100100110100100010011011101110000110100010001100 0.2939999997615814
1100111001011101110010101011011110110111110110111000001100111011110 0.2696000039577484
1100101001011111110010101011011100000110001010100011110101110110100 0.10559999942779541
1000011001011011110011101001010010100100101000010011000101000111100 0.18549999594688416
1100101101010011001110011111011100000110001110101111100001111001101 0.10000000149011612
1100110101000000100110110111010110100101010001110000101010011100100 0.32330000400543213
1000010011110111110011010001111010011110010010011010110111010001111 0.14949999749660492
1100011001010011110010101011011110100110100101111111110110010111110 0.1080000028014183
1100101101011111001110011111011100010101110001001101110101110011101 0.3215000033378601
0000101100101011111011000001000000101100101001010101110110100111111 0.10000000149011612
1100101000000011011010111000111101111101100000011111010111101110110 0.11420000344514847
1100010101011000000111000111011110110111110101111011110111011100110 0.10000000149011612
1001100100000000101110110101000110101101000001010111111101010101101 0.17470000684261322
0001101000000111011111000011011010011100101100001001100111010111011 0.23350000381469727
1010101001011111110010101010010001010101101010100000110100010111100 0
0100100010100110000011100101011110000110011101111011110100110001010 0.09799999743700027
0100100010100110000011100100010001010101111101100011010111010111110 0.18070000410079956
0000001010100110000001100001101010110001010011101111010000010010111 0.16120000183582306
1100011001011111110011101001010010100100101010000011000001100001100 0.17399999499320984
1100101111010011001110011111011100000110001110011111100101011111101 0.0997999981045723
1100110100000011011011000001001101110100110001011000110101101111110 0.10040000081062317
1100101001011000010111010011001101110101100101111101110100011010111 0.3822000026702881
0100100010100101110001100100010001010101100101111011111000010101100 0.3725000023841858
1100011001011110000010010110011101101010111101111000110100010010111 0.4056999981403351
1100011001011111110010101011011110110101110101111000110101010011100 0.27880001068115234
0100000010100110000011100000010000101000100101111111110110110111111 0.20180000364780426
1100011001011101110000010110011101100010100101110011111000010010110 0.3384000062942505
0001101110001101011000010110011101100010100101010011111000011011111 0.10000000149011612
1100111001011111110000010111011110110111110110111100000100010011100 0.2808000147342682
1100011001011101110010101010011101100010100101110011111001111110111 0.31310001015663147
0001101110001101011000010100011101100010100101110011110100011011110 0.3393000066280365
1100110101011000010110010011001101110101110101111000111000011011110 0.28279998898506165
0000001010100110000001100001101000110111100001110001110100111100110 0.34310001134872437
0001101000000011011011000011011010110101010011101110010111010110111 0.27230000495910645
1101101110001101001000010110011101000010100101110011111000011010110 0.3361000120639801
0000011001011101110000010110011101100010100101110011111000010011111 0.4187000095844269
1100111001011111110010100011011000101100100111111010111001010011011 0.2858000099658966
1100011001011101110000010110011101100010100101110011111010010000111 0.2915000021457672
1100011001011111110010101011011110110101110101111111110110110011111 0.4196999967098236
Generation 5
1100011001011111110010101011011110110101110101111111110110110011111 0.4196999967098236
0000011001011101110000010110011101100011110110110011101100111011110 0.22509999573230743
1100111001011101110010101011011110110110100101111000011000010011111 0.35089999437332153
1100101010100101111001100100010001010101100110100011110000010101100 0.22419999539852142
0100100001011011110010101011011100000110001001111011111101110110100 0.12030000239610672
1100011011111110010000010110011101100010111101110011111000011010111 0.2782999873161316
0000011001011101100010010110011101101010100101111000110100010011111 0.43299999833106995
0100100011100000101100100110100100010011011101111011110100010001100 0.12200000137090683
1100110101000101110001100100010001010101100101110000111000100101100 0.27230000495910645
1100011001011111110000011011011110110101110001110011101000100011110 0.34689998626708984
1100011001011101110010100110011101100010100101010111110110011010111 0.2858999967575073
1100101001011000010111010011101101110101101100111101110100011111111 0.10000000149011612
0001101000000111011111000011011010011100100101001001100111010010011 0.14059999585151672
1100001110001101110000010110011101100010100101110011111000011010110 0.288100004196167
1100101101011111001110011111011100010101110001000000110100010000101 0.10159999877214432
1100110101000000101100100110100100010011011101111101110101110011100 0.30630001425743103
0001101000000010111011010011011010110101010011101110010110110010111 0.3375999927520752
1100011001011111110010101011011110110101110101111111110111010111111 0.10090000182390213
1100011001011101110010101010011101110010100101110011111001111110111 0.3237999975681305
1100011001011101110010101010011101100010100001110011111001111110111 0.329800009727478
1100101001011000010111010011001101110101100101111101110100011111111 0.10000000149011612
0001101110001101011000010010011101100010100101110000110100011010110 0.30820000171661377
0001101000000111011111000011011010101100101100001001100111100111111 0.10000000149011612
0100000010101110000011100000011000011000100101111101110101010111001 0.17839999496936798
1100111001011101110010101011011110110110100101111000001100010011110 0.39100000262260437
0001011001011101110000010110011101100011110110110011111000111111111 0.10000000149011612
1100110101000000100110110100010001010101100101111011111000011101100 0.3440999984741211
0100100010100111110011100111010110100101010001110000101010010100100 0.33570000529289246
1100011001011101110010101010011101100010100101110011111000111110110 0.17820000648498535
0001111000000011001011000011011000110111100001110011111001111000111 0.28940001130104065
1100111001011111110000010111011110100111110110111100000100110011110 0.10000000149011612
1100111001011101110010101011011110110111110110111100001100011011110 0.10000000149011612
1100111001011110000010010110011101101011111100111100000100010010111 0.10000000149011612
1100011001011111110000010111011110110111110111111000110100010011100 0.20600000023841858
1100111001011111110010010110011101101010111111111101110101010010101 0.3476000130176544
1100011001011110000010110011011000101100100101111000110100010011011 0.19200000166893005
0001101000000011011011000011011110110101110101111111110111010110111 0.1867000013589859
1100011001011111110010101011011010110101010011101110010110110011111 0.34130001068115234
1100101001011000010110010011001101110101100101011000011000011010110 0.2865999937057495
1100110101011000010111010011001101110101100101111101110100011111110 0.10000000149011612
0001101110001101011000011100001101100010100011110011110011010110100 0.1145000010728836
0001101000000011011011000011011010110101011101101110010100011011111 0.32989999651908875
1100111001011111110000010101001110110011010011101110010110010110111 0.31709998846054077
0001101000000011011011000001011010110101110110011100000101110111100 0.3594000041484833
1100011001011111110011101001010010100111101010000011000001111011000 0.09910000115633011
1100111001011101110010101011011110110100110110111000001100100001110 0.24199999868869781
1100011001011111110010101011011110100100101000000011110111000111110 0.10000000149011612
1000011001011011110011101001010010100101110101111111000101110011101 0.25929999351501465
1100011000000011011011000001011101110100100001011011110110111010111 0.3296999931335449
1100101001011111010010101011011110110101110101111100110100010111110 0.20479999482631683
1100011001011111110010101011011110110101110101111111110110110011111 0.4196999967098236
Generation 6
0000011001011101100010010110011101101010100101111000110100010011111 0.43299999833106995
1100011001011111110010101011011110110101010001111111110110011011111 0.4302999973297119
0001101000000011010011000011011010110101111101101110010100110011111 0.3828999996185303
0001101000000011011011000001011010110100111101110011111001110111101 0.14249999821186066
1100011011111110010000010111011101100011110110011100000100011010110 0.19210000336170197
0001101000000011011011000001011010110101110110101110010111110011110 0.35519999265670776
1100011001011111110010101011010010110101010011011100000100110111101 0.40369999408721924
1100110101000000101100100110100100010010111111111101110101010011100 0.34049999713897705
1100111001011111110000010110011101100011011101111101110101110010001 0.10719999670982361
1100111001011101010010101011011110110101110101111110001100100011110 0.4311000108718872
1100011001011111110010101011011110110100110110111001010110110001111 0.10000000149011612
1100011001011111100000101011011010110101010011101110010101110011101 0.3668000102043152
1000011001011011110011101001010110100101110101111111000110110011111 0.3400000035762787
0001111000000011011011000011011010110011010001110011111110010110110 0.19470000267028809
1100111001011111110000010101001100110111101011101110010101111000111 0.40950000286102295
0001101001011101110000010010011101110110100101111000011000010011111 0.4345000088214874
1100111110001101011010101011011110100010100101110000110100011010110 0.2685999870300293
1100111001011101110010101011011010110101010011111000011000110011111 0.37130001187324524
1100011001011111110010101011011110110110100101100110010110010011111 0.37720000743865967
0001101000000011011011000011011010110101011101101110010100010101110 0.10000000149011612
1100101010100101111001100100010000010101100110100011110000011011101 0.17000000178813934
0001101000000011011011010010011100110100100101111000010100011011111 0.3862000107765198
0000011001011101100010010111011011101011011101101110010100010011111 0.4401000142097473
0100100001011111110011100111010110100101010001110000101010110011111 0.3921000063419342
1100011010100111111010101011011110110101110101111111110110010100100 0.3605000078678131
1100011001011101110010101011011110110101110101111111110100010011111 0.429500013589859
0001101000000011011011000011111010110101011101101110010110111011111 0.321399986743927
1100111001011111110010010110011101100011110110110011101101110010100 0.3334999978542328
0000011001011111110000010110011101101010111111111101110100011011111 0.3305000066757202
1100011000000011011011000001011101110100100101011011110101010010111 0.3183000087738037
1100111001011111110010010110011101101010111111111101110110111010101 0.2590999901294708
0001101000000011011011000011011010110101011101101110110100011011011 0.2046000063419342
0000011001011101100010011110011101101010100101111000010100010011111 0.44020000100135803
1100011000111111011011000001011101110100100001011011111000011010111 0.19040000438690186
1100011011000010010000010110011101100110111101110011110110111010111 0.3296000063419342
1100011001011101110010101010011100110011011101101110111001111111111 0.23309999704360962
1100011001011101110110101010011101100010100001110011111000011110111 0.3052000105381012
1100111101000000100010100100010001010101100100111011111001111001100 0.1492999941110611
1100111001011111110010010110011101101000111111111101110101010010111 0.24289999902248383
0000011001011101101010010110011101101010100101111000110100010011111 0.43560001254081726
0001111000011111110010010110011100101010111111110011111001111000101 0
1100111001000011001011000011011100110111100001111101110101010010111 0.19920000433921814
0001101110001101011000010010011101100010100101110000110100011110111 0.2639000117778778
1100011001011101110010101010011101110010100101110011111001111010110 0.3443000018596649
1100011001011111110010101011011010110101010011101110010100111110111 0.26019999384880066
1100011001011101110010101010011101100010100101110011011000110011110 0.36239999532699585
1100111001011101110010101011011110110110100101111000001100010011110 0.37229999899864197
1100111001011111110010101011111010110110100101111000000100010011110 0.36880001425743103
0000011001011101110000010110011101100011110110110011100010011111110 0.10000000149011612
0100100010100011111011100111010110100101010001110000101100110000100 0.14419999718666077
0000011001011101100010010110011101101010100101111000110100010011111 0.43299999833106995
Generation 7
0000011001011101100010011110011101101010100101111000010100010011111 0.44020000100135803
0001101000000011010110101010011100110100100101110011111000011110111 0.30799999833106995
1100011000011101111011110010011101100110100001111000010100011011111 0.42480000853538513
1100111001011111110010101011111010111110100101101110000100110011111 0.4081999957561493
0001101000000011010011000011011010110101111101111000010100010011110 0.30079999566078186
1100011001011101110010101011011110110101110101111111110100110011101 0.3749000132083893
1100011011011111110010101011010010110101010011011100000101010111111 0.10000000149011612
1100111001011111110010010110011101101000111111011101110101010010111 0.322299987077713
0000100001011111110011100111010110100101010001101110011110110011111 0.4050999879837036
0101101000000010010011000011011010110101111101110000100100110011111 0.23180000483989716
0100111001011101100010011110011101101010110011111000011100010011111 0.4097000062465668
0000011001011101110010101011011010110101000101111000010000110011111 0.4487999975681305
1100011001011011011011000001011010110100111101110011110110110111101 0.18520000576972961
0001101000001111110010101011011110110101010001111111111001011011111 0.3310999870300293
1100011001011101110000010010011101110101000101111000011000010011111 0.3919000029563904
0001101001011111110010101011010010110110110011011100000110110111101 0
0001101001011101110000010010011101110110100101100110010110010011111 0.4505000114440918
1101011001011111110010101011011110110110100101111000011010010011111 0
0001101000001111110010101011011110110101100101100110010110010011111 0.35429999232292175
1100011001010011011011000001011010110110110110101110010111110011110 0.10360000282526016
1100110101000000101100100110100100010010111111111101110101010011101 0.26499998569488525
1100011001011111100000101011011010110101011011101110010101010011100 0.23499999940395355
1100111001011111110010101011111010110110100101111111010100110011111 0.36480000615119934
0001101000000011010011000011011010110101111111101000000100010011110 0.1290999948978424
0001101001011101110000010001011010110110100101111000011111110010110 0.2459000051021576
0001111000000011011011100010011101110101110110101110010000010011111 0.10000000149011612
1100111001011111010000010101001100010111101011101110011101110100111 0.34290000796318054
1100010000000011011011000001011101110100000101011011110101011010111 0.37540000677108765
1100011001011101110010101110011101100010100101110010010100010011111 0.4487999975681305
0000011001011101100010011110011101101010100101111001011000110011110 0.33970001339912415
1100111001011101110001000011011000110101111101101110010100010011110 0.39320001006126404
0001101000000011010010101011011110110110100101111000001100110011111 0.3569999933242798
1100111001011111110000010100011101101010100101111010010100110001111 0.40619999170303345
0000011001011101100110011110011100110111101011101100010101011010111 0.4016000032424927
1100011001011111110010111010011001100011110110111100010100110010101 0.32350000739097595
1100111001011111110010010111010010110101010011010011101101110111100 0.27000001072883606
1100011001011101110010101011011110110101010011111110010100011011111 0.10000000149011612
0001101000000011011011010010011100010100100101111001110110011011111 0.3702000081539154
1100111001011111110110010110011110110101011101110011101100111010110 0.3057999908924103
0001101000000011011011000011111101100011110110101110010111110011101 0.3370000123977661
1001101000000011011011001001011010110101110110101000011011110011011 0.11299999803304672
0001101001011101110000010010011101110110100101111110010100010011110 0.3391000032424927
1100110001011101110000010010001101110110100101111101111101010011110 0.42660000920295715
0001101101000000101100100110100100010010111111111000010100010011101 0.27720001339912415
1100111001011111110010010110011101101010111111111101110110110011111 0.36169999837875366
0000011001011101100010011110011111101010100101110000010100011010101 0.273499995470047
1100011001011101110110101010011101100010100001110000011000011011111 0.3971000015735626
1100111000011101110010101011011010110101010011111011111000110110110 0.3100000023841858
1100111001011110010000010111001101100011110110011100000100011010110 0.2718000113964081
1100011011111101110010101011011010110101010011111000011000110011111 0.2563999891281128
0000011001011101100010011110011101101010100101111000010100010011111 0.44020000100135803
Generation 8
0001101001011101110000010010011101110110100101100110010110010011111 0.4505000114440918
0001101000000011010110101010011100110100100011101100010100011010111 0.11840000003576279
0000011001011101100110011110011100110111101101111011111001011110111 0.28459998965263367
1100111001010101110001000011011101110101111101101011110001010111111 0.10000000149011612
0001101000000011010110101010011100110100100101110110011100011110110 0.19629999995231628
0000100001011111110000010001011010110101010001101110011111110010110 0.3278999924659729
1100110001011101110000010010001101110110100101111101110100000011111 0.4284999966621399
0000011001011101100010011110011101101010100101111000011101010011110 0.3637999892234802
1100011001011101110000010010011101110110100101110010010100010011111 0.43799999356269836
0001101001001101110010101110011101100010100101100110010110010011111 0.27810001373291016
1100111000000101110001000011011000110100100100111110010100010111110 0.10000000149011612
0001101001011011010110101010011100110101111101100011111000011110111 0
0000011001011101101011110010011101100110100001111100010101011010111 0.3993000090122223
1100011000001101110110011110011100110111101011101000110100011011111 0.3003000020980835
0001101000001111110010101011011110110101100101100110010110010011111 0.28679999709129333
1100111001011111110010101011111010110110100001111111010100110011111 0.391400009393692
1100111011011101110010011110011100100111101011101100010101011011111 0.36890000104904175
0000011001011101100101000011011000110101111101101110010100010010110 0.31040000915527344
0001101001011101110000010001011010110110100101111000010111110010111 0.27900001406669617
1100111001011111110000010100010101101010100101111010011100110001110 0.3287999927997589
0100111001011101110000010010011101101010100011100110011110010011111 0.38659998774528503
0001101001011101100010001110011101110110100101111000010100010011111 0.2727999985218048
0001101000000001011011010010011100010100111111111000110110011011111 0.29829999804496765
0001101101000010101100100110100100010000100101111001010100010011101 0.3343999981880188
1100111001011101110010010110011110110101110101111111110101010010101 0.2815000116825104
1100011011011111110010101011011101101000111111011101110100110011111 0.3061000108718872
1100110001011101110000010110001101110010100101111101111101011011111 0.40799999237060547
0000011001011101100010011110011101101110100101111000010100010011110 0.35839998722076416
0001101000001011011011000011111101101011110110101110010111010011101 0.1875
0000011001011101100010011110011100110111101011101100010101011010111 0.4016999900341034
1100111001010101110001000011011101100010100101110110010100010011111 0.39309999346733093
1100011001011101110010101110011000110100111101101010010100010011110 0.3610999882221222
0000001001011111110010011110011100110111101011001010010100110010111 0.22830000519752502
0100111001011101100100010100011101101010100101111100010101011001111 0.3801000118255615
1100111001011111110000011100011101101010100001110000010100110001111 0.3725000023841858
1100011001011101100110101010011101100010100101111010011000011011111 0.41019999980926514
1100011000011101111011110010011101100110100001111000010100110011111 0.44670000672340393
1100111001011111110010101011111010111110100101101110000100011011111 0.3896999955177307
0000011001011101100110011110011100110111101011101100010000111011111 0.10000000149011612
0000011001011101110010101011011010110101000101111000011101010010111 0.40689998865127563
1100110001011111110000010100011101101010100101111101110100110001111 0.3928999900817871
1100111001011101110000010010001101110110100101111010001101010011110 0.34850001335144043
1100110001011101110011100110011101110101010101101101111101010001110 0.37720000743865967
0000100001011111110000010011010110100110100001111110011110110011111 0.41990000009536743
1000011000011101111011110010011101100110100001110000010100010011111 0.35659998655319214
0000011001011101100011011110011101101010100101101000010100011011111 0.43290001153945923
0100111001011101100010101110011101000010100101111000011100010011111 0.41769999265670776
1100011001011101110010011110011101101010110011110010010100010011111 0.3885999917984009
1100011001011101110000010010011101110110100101100110010100010011111 0.4352000057697296
0001101001011101110010101110010101100010100101110010010110010011111 0
0001101001011101110000010010011101110110100101100110010110010011111 0.4505000114440918
Generation 9
0001101001011101110000010010011101110110100101100110010110010011111 0.4505000114440918
1100011001011001110000010110011101110110101011101100010100010010111 0.2460000067949295
0000011001011101000010011110011100110111100101100011010101011011111 0.4002000093460083
1100110001011101110000010110001101110010100101111101110101011011111 0.3855000138282776
1100110001011101110000010010001101110110100101111101111100000011111 0.3686999976634979
1100011011011111110010101011011101100010100101110110010110110011111 0.37610000371932983
1100111001010101110001000011011101101000111111011101110100110011111 0.10010000318288803
0001101001001101110000010010011101110110100101100110110110010011111 0.25679999589920044
0001101001011101110000010010011001110110100101100110010110010011110 0.3619999885559082
0000010011011111110010101011011101110101000101111001110101011011111 0.39239999651908875
1100011001011101110010101011011010110000111111011100011100110010111 0.39070001244544983
1100011000001101110100010100011101101010100101111110010100011011111 0.4456999897956848
0100111001011101100110011110011100110111101011101000100101011001111 0.10000000149011612
0000011001011101101110011110011100110111101011101000010100011010111 0.2847000062465668
1100011000001001110011110010011101100010100001111100110101011011111 0.3723999857902527
1100011001011101100110101010011101101010100101101010010100011011111 0.42899999022483826
0000011001011101100011011110011101100010100101111000011000011011111 0.4401000142097473
0000011001011101100011011110011101110110100101111000010100011010111 0.40700000524520874
0001101101011101100010001110011100110111101011001100010101010011111 0.10729999840259552
0001101000001111110011101011011101110110100101100110010110010011111 0.34130001068115234
0001101001011101110000010010011110010101100101100110010110010011111 0.33059999346733093
1100110000011101110000010010001101100110100100111101110100001011111 0.10000000149011612
0000001001011101100010011110011100110111101011101100010101011010111 0.37070000171661377
0001101000001111110010101011001101110010100101111101111111010011111 0.3160000145435333
1100110001011101110010010110011110110101100101100110010100011011111 0.420199990272522
0000011001011101100010011110011101110111101011101100010101011010111 0.38929998874664307
0100111001011110110010101011111010110110100001111111010100110011111 0.3531000018119812
0001101010000001011010010011010110100110100001111000110110111011111 0.3391000032424927
0000100001011111110000010010011100010100111111111110011110010011111 0.4406999945640564
0000100001011000110000010011010110100110110011110010010100110011111 0.37929999828338623
1100011001011111110010011110011101101010100001111110011110010011111 0.4302000105381012
1100111011011101100010001110011101110111100101111000010110011011111 0.10000000149011612
1110110001011111110010101011111010110110100101111111111100110011111 0
1100111001011111110000010100011101101010100101111101010100110001111 0.41830000281333923
1100110001011111110001010100011101101010101011101100010101011011111 0.3677999973297119
1100111011011101110010011110011100100111100101111101110100110001111 0.3009999990463257
0001101001001111110010101011011110110101100101100110010110010010111 0.3012000024318695
0001101000001111110010101011011110110101110101100110010110010111011 0.3393000066280365
0001101000001101111011110010011101100110100111111000010100010011111 0.2766999900341034
1000011000000001011011010010011100010100111001110000110110011011111 0.33250001072883606
1100001011011110110000101011011101101000111111011101110100110001111 0.2621000111103058
1100011000011101111011110010011101100110100001111000010101110011111 0.4390000104904175
1100111011011101010000010110001101110010100101111100011101011011111 0.3919000029563904
1100110001011101110010011110011100100111101011101101110101011011111 0.295199990272522
1110011001011111110000000010011101110110100101110010010100110011111 0
1100011011011111110010101011011101101000111111111101110100010011111 0.10000000149011612
0000011001011101101011110010011101100110100001111100010101010011111 0.396699994802475
1100011001011111110000010010011101110110100101100110010100011010111 0.4056999981403351
0001101001011101110000010010011101110101010101100101101101010011111 0.4108000099658966
1100110001011100110011100110011101110110100101101110010111010001110 0.28369998931884766
0001101001011101110000010010011101110110100101100110010110010011111 0.4505000114440918
Generation 10
0001101001011101110000010010011101110110100101100110010110010011111 0.4505000114440918
1100011001011101100110101010001101110010100101111100011101011011111 0.4147999882698059
1100111011001101010000010110011101101010100101101010010100011011111 0.10050000250339508
0000010011011111110010101011011101110101010101100101101101011011111 0.38449999690055847
0001101001011101110000010010011100110101000101111001110101010011111 0.40709999203681946
0000100001011101110000010110001101110010100101111101110101011011111 0.42410001158714294
1100110001011000110000010011010110100110100011110010010100110011111 0.26750001311302185
0001101000001111110011101011011101110110100101100110010110010011101 0.23800000548362732
0001101001011101110000010010011101110110100101000110010110010011111 0.4214000105857849
1100011001011111110010011110011101100010100111111010011110110011111 0.3555999994277954
0000100001011111110000010010011100010100111001111110011110010011111 0.4302000105381012
0000011001011101100010011110010100110111101011101100010101010011101 0.30809998512268066
1100001001011111110010011110011101101010100001111110011110011010111 0.39980000257492065
1100011001011111110010011110011101101010100011101100010110010011111 0.4065000116825104
0000011011011101100010011110011101110111101001111110011101011000110 0.3411000072956085
0001101000001111110010101011011101110110100101100110011110010010111 0.2775000035762787
0001101001011101100000010010011110010101100101100110010101011010111 0.38929998874664307
0000011001011101100010011110011100110111101011101100010110010011111 0.4334999918937683
1100010001011101110000010100011101101010101011101100010100011011111 0.390500009059906
0000011001011101111110011110011100110111101011101000010101011010111 0.37389999628067017
0000100001011111110000010010001101110110100111111101011110010011111 0.45080000162124634
1100110001011101110000010010011100010100111101111110111100000011111 0.32350000739097595
0001101001011101110000010010011101110101010101111101101101110011111 0.4090000092983246
1100011000011101111011110010011101100110100001100000010101010011111 0.3352999985218048
1100110001011101110100010110001101110010101101111101110100111011111 0.37950000166893005
1100111001011111110000010101011101101010100101111101010101011001111 0.3894999921321869
1100110001011101110000010010001101110110100101111101111101011011111 0.41260001063346863
1100110001011111110001010100011101101010101011101100010110000111111 0.10000000149011612
0000011000001101110100010100011101100010100101111110010100011011111 0.429500013589859
1100001001011101100001011110011101101010100101111000011000001011111 0.3450999855995178
0001101000001111100010101011001101110110100111101101101010011011110 0.1315000057220459
0001101001011101110000110010011001110010100101110110010111010011111 0.3517000079154968
1100011001011111110000011110011101110111101011100110010100011010011 0.17170000076293945
0000011001011101100010010010011101110110100101101100010101011010111 0.4009999930858612
1100111001011111100011010100011101110110100101111000010100011010111 0.415800005197525
0000011001011101110000011110011101101010100101111101010100110001111 0.42419999837875366
1100111001011111110001110100011100010100100101111100110100010001111 0.32100000977516174
1000011000000001011011010010011101101010111001110001010110111011111 0.3677999973297119
0000101001001111110010101010011110010101100101100111010110010111111 0.20589999854564667
0001101000011101110000010011011110110101110101100110010110110011011 0.1890999972820282
1100011000001101110100010100011001101101100101100110010100011011111 0.4431999921798706
1100110001011101110010010111011110110010100101111100010100011011111 0.40209999680519104
0001101000001111110011101011011101110110100101111110010100011011111 0.2791000008583069
1100011000001001110100010100011101101010100101100110010110010011111 0.39989998936653137
1101110001011101110010010111011110110101100101111110011110010011111 0
0000100001011011100000010010011100010100111111100110010100011011111 0.2888999879360199
1101011000001001110100010100011100101010100101111110010100111011111 0.359499990940094
0001101010000001011010010011010111100110100001111000110110011011111 0.3237999975681305
1000011001011101110010101011011100110111101011101100010101011010111 0.34459999203681946
1100001001011101100010011110010010110000111111011100011100110010111 0.34599998593330383
0001101001011101110000010010011101110110100101100110010110010011111 0.4505000114440918
[0.4142000079154968, 0.4196999967098236, 0.4196999967098236, 0.4196999967098236, 0.43299999833106995, 0.44020000100135803, 0.4505000114440918, 0.4505000114440918, 0.4505000114440918, 0.45080000162124634]
[0, 0, 0, 0, 1, 0, 0, 0, 0, 1, 0, 1, 1, 1, 1, 1, 1, 1, 0, 0, 0, 0, 0, 1, 0, 0, 1, 0, 0, 0, 1, 1, 0, 1, 1, 1, 0, 1, 1, 0, 1, 0, 0, 1, 1, 1, 1, 1, 1, 1, 0, 1, 0, 1, 1, 1, 1, 0, 0, 1, 0, 0, 1, 1, 1, 1, 1] 0.45080000162124634 0.3789250013627568