Generation 1
0101010011010110100001101100100111001011011010110110101001101001110 0.21660000085830688 0.20847750082612038
1000010011011000110111111010010111001000010001110010011101010110111 0.2646999955177307 0.2536708290378253
0000001111111111001111111110011001110001010100110101011010000011000 0.11599999666213989 0.10809090598063036
0101110111101100100000010100110010110110001011000101111010011111101 0.23579999804496765 0.22597499812642735
1100111010111110001111111001001011010010010100101101000011001100000 0.13619999587535858 0.1289772688213623
0000101100000101010100100000000100111111011001111111111011000000111 0.10000000149011612 0.09507575899249678
1101011011010000100110011011110000011100111011111111011001011001110 0.10189999639987946 0.09765416321655115
1100000111001000001110010000110010011010110001110111101101011011001 0.11190000176429749 0.10511818347555218
0000011011101111000010110101111011100100111011001101100100100111001 0.10130000114440918 0.07808541754881541
0000110100000111010100001000010101101010110010101010001010010011100 0.16859999299049377 0.13391405693255365
1000110011101111110100101000100111101110011110001001010010000111001 0.14550000429153442 0.11291406583040953
0100010001011101001010000111000011010001100011110000110000011101111 0.10000000149011612 0.08125000121071935
0000000110000110101111111111100100110011100111111100111101101101001 0.31029999256134033 0.25615910844256484
1100110010001100010101001000100101001001100110010001000100100011010 0.09749999642372131 0.0769335909280926
1100111011101111110010110101011101111011000010100110010100010111101 0.10010000318288803 0.07689974202852075
1001111001111000100100001110110001111010100000000010001001010001110 0.1080000028014183 0.10620000275472799
0000110111000001000111101111011110001100010011001000111101001000110 0.1785999983549118 0.15208906109910458
1000111010101010010110110110101100100001001011011110110100100011010 0.09929999709129333 0.0804226538942506
0100011000101101001111000010010011000000001111000101100000010001010 0.09709999710321426 0.07636510188846539
1000010001011111101001001110100000111110110110111110001000001111100 0.10360000282526016 0.08255625225137919
1101111001000010000111001001010100100110110111100001101010000100100 0.19589999318122864 0.19018624338010948
0100000000100010011000011000100011010111011110111001001111011100111 0.10000000149011612 0.08437500125728548
0001000100010100100101111101000000100011111100111000111001100001000 0.10000000149011612 0.09833333479861418
1000101011010101111000101010110000011100000110010111011001010111001 0.15800000727176666 0.12755208920376995
0000010101111110100110110011011110001000010011000100001110110001000 0.10220000147819519 0.08250520952666798
Generation 2
0000000110000110101111111111100100110011100111111100111101101101001 0.31029999256134033 0.22706848413993913
0000000110010110111111101111100100110011100110111100111101001001100 0.3010999858379364 0.22504087483199933
0000011011010110100011111110100111001011010100110110101001101011010 0.2978000044822693 0.2887757619222005
1000000110000110101111111111100100110011100111111100111101101111001 0.29170000553131104 0.21117864983777204
1100111010111110001111111001001011010010010100101101011101001000110 0.28700000047683716 0.2804772731932727
0000000110000110101111111111100100110011100111111100111101100101100 0.2867000102996826 0.20905209084351858
1000010011011000110111111010010111001000010001110010011101010110111 0.2646999955177307 0.2586840865286914
1101111001000010000111001001010100100110110111111100111101100101100 0.2619999945163727 0.23634582838664453
0101110111101100100000010100110010110110001011000101111010011111101 0.23579999804496765 0.22204499815901121
1101111101000010000111001001010100100110110111100001101011001100001 0.23420000076293945 0.2068766673405965
1000110011101111110100101000110111101110011110001001001010000111011 0.22040000557899475 0.165873962532108
0101010011010110100001101100100111001011011010110110101001101001110 0.21660000085830688 0.20486750081181526
0000101011010001111000101010110000011100000110010111011001010101001 0.20399999618530273 0.1652187469104926
1101111001000010000111001001010100100110110111100001101010000100100 0.19589999318122864 0.1722287440051635
0000110111000001000111101111011110001100010011001000111101101100011 0.18440000712871552 0.13637917193894583
0000110111000001000111101111011110001100010011001000111101001000110 0.1785999983549118 0.1320895821166535
1101111001000010000111001001010100100110110111100000101010000100100 0.17739999294281006 0.15633374378085135
0101110111101100100000111101000000100011111100111000111010011011101 0.16949999332427979 0.16949999332427979
0000110100000111010100001000010101101010110010101010001010010011100 0.16859999299049377 0.13523124437779188
0000000110000110101111111111100100110011100111101001101010001100001 0.16120000183582306 0.12299895973410457
1000101011010101111000101010110000011100000110010111011001010111001 0.15800000727176666 0.12384896403333792
1000110011101111110110110101111111101110111011001101100000100111001 0.15389999747276306 0.11622656059140961
0000011011101111000000101000100011100100011110001001010110000111001 0.14640000462532043 0.11132500351717074
1000110011101111110100101000100111101110011110001001010010000111001 0.14550000429153442 0.1079882844351232
0000110111000001000111101111011110001100010011001000100011001100000 0.14319999516010284 0.10851874633226544
Generation 3
0000000110000110101111111111100100110011100111111100111101101101001 0.31029999256134033 0.21494739068051177
0100000110010110111111101111100100110011100110111100111101001001100 0.30239999294281006 0.21813749490926665
1100111010111110001111101001001011010010010100101101010101001000110 0.30219998955726624 0.279306050954443
0000101011010010101111111111100100110011100111010111011001100101001 0.30070000886917114 0.2380541736880938
0000011011010110100011111110100111001011010100110110101001101011010 0.2978000044822693 0.27298333744208014
1000000110000110101111111111100100110011100111111100111101101111001 0.29170000553131104 0.20434193095813194
0000000110010110111111101111100100110010100110111101011101001100100 0.28760001063346863 0.21420209125305217
0000000110000110101111111111100100110011100111111100111101100101100 0.2867000102996826 0.2008393301318089
1100011011010110100011111110100111001011010100110110011101001000010 0.27630001306533813 0.2511818300593983
0101010011010101111000101010110000011100000110010111011001101001111 0.275299996137619 0.25121124647557735
0101010011010110100000010100110111001011011010100101111000001011101 0.26910001039505005 0.2416293843338887
1000010011011000110111111010010111001000010001110010011101010110111 0.2646999955177307 0.25266817753965204
0000101011010110100001101100100111001011011010110110101001010111000 0.2635999917984009 0.2114291600883007
1101111001000010000111001001010100100110110111111100111101100101100 0.2619999945163727 0.23634582838664453
1101111001000011101111001001010100110011110111111100111100000100101 0.24570000171661377 0.22266562655568123
0000000110000001111000101010110000011100000110111100111101011101001 0.24199999868869781 0.17330729072758305
0101110111101100100000010100110010110110001011000101111010011111101 0.23579999804496765 0.21664124820381403
1101111101000010000111001001010100100110110111100001101011001100001 0.23420000076293945 0.21321958402792612
0000000110000110101111111111100111110001100111111100100001101111011 0.23190000653266907 0.16909375476340455
1100111010111110001111111001001011010010011100101100111101001001110 0.22550000250339508 0.21012500233270906
0000110111000001000111101111011110001100010011001000111101001101100 0.2223999947309494 0.17259166257766384
1000110011101111110100101000110111101110011110001001001010000111011 0.22040000557899475 0.1911281298380345
0101010011010110100001101100100111001011011010110110101001101001110 0.21660000085830688 0.19539125077426434
0000101011010001111000101010110000011100000110010111011001010101001 0.20399999618530273 0.16362499694029492
0000000110000110000111111111100100100110110111100001101011101101000 0.2004999965429306 0.15298567444551736
Generation 4
0101011001000010000111001001010100100100110111111100111101100101100 0.3578000068664551 0.3220200061798096
0000101011011010101111111111100100110011100111010100101001100101011 0.35690000653266907 0.2936989637091756
1100111010111110001111101001001011010010010100101100111101100100110 0.3149000108242035 0.26838069104335527
0000000110000110101111111111100100110011100111111100111101101101001 0.31029999256134033 0.23191692152371007
1100011011010110100011111110100111001011010000110110011101101000010 0.3077000081539154 0.2424303094546
1000001001000010001111001111100100110011100111111100111101101111001 0.30649998784065247 0.2402512925521781
0000011011010110100011111110100111001011010100110110101001001011010 0.3034000098705292 0.2390424320192048
0100000110010110111111101111100100110011100110111100111101001001100 0.30239999294281006 0.23467499452332655
1100111010111110001111101001001011010010010100101101010101001000110 0.30219998955726624 0.257556809281761
0000101011010010101111111111100100110011100111010111011001100101001 0.30070000886917114 0.2498002677845458
1000000110000110101111111111100100110011100111111100111101101111001 0.29170000553131104 0.21953463957955438
0000000110010110111111101111100100110010100110111101011101001100100 0.28760001063346863 0.23217709191764394
0000000110000110101111111111100100110011100111111100111101100101100 0.2867000102996826 0.21577162233491737
1100011011010110100001111110100111001011010100110110101001001001010 0.2808000147342682 0.219109102406285
1000111010101110001111111001001011010010011100110110101001101001110 0.2800000011920929 0.22590909187089311
0101010011010101111000101010110000011100000110010111011001101001111 0.275299996137619 0.25752020472039777
0100000110010110111111101111100100110011010100110110111101001001110 0.2705000042915344 0.21824432164430618
0101010011010110100000010100110111001011011010100101111000001011101 0.26910001039505005 0.24947813463707766
1000010011011000110111111010010111001000010001110010011101010110111 0.2646999955177307 0.2376284050670537
0000101011010110100001101100100111001011011010110110101001010111000 0.2635999917984009 0.22378540970385075
1101111001000010000111001001010100100110110111111100111101100101100 0.2619999945163727 0.23525416174282632
1101111001000011101111001001010100110011110111111100111100000100101 0.24570000171661377 0.22266562655568123
0000011011010110100011111110100111001011010100110110011001101010010 0.24330000579357147 0.19261250458657742
0000000110000001111000101010110000011100000110111100111101011101001 0.24199999868869781 0.18591145732595274
0101110111101100100000010100110010110110001011000101111010011111101 0.23579999804496765 0.22007999817530313
Generation 5
0000101011010010101111111111100100110011100111110111011001101111001 0.3928000032901764 0.3130125026218593
0000101011011010101111111100100111001011100111010100101001100101011 0.37229999899864197 0.2976460929494351
0101010011010110100000010100110111001010111111111100111101100101100 0.3716999888420105 0.33995061479508876
0101011001000010000111001001010100100100110111111100111101100101100 0.3578000068664551 0.33096500635147097
0101011001000010000111001001011100100100110100101101010101000101100 0.3416000008583069 0.33116222305430304
0101011001000010001000101011010100100110100111111100011001101001110 0.31850001215934753 0.2932854278633992
1100111010111110001111101001001011010010010100101100111101100100110 0.3149000108242035 0.27434470639987424
0000000110000110101111111111100100110011100111111100111101101101001 0.31029999256134033 0.22141197385887307
1100011011010110100011111110100111001011010000110110011101101000010 0.3077000081539154 0.25991326446334523
1000001001000010001111001111100100110011100111111100111101101111001 0.30649998784065247 0.22907681382882097
0000011011010110100011111110100111001011010100110110101001001011010 0.3034000098705292 0.25398258402040513
0100000110010110111111101111100100110011100110111100111101001001100 0.30239999294281006 0.22916249465197325
1100111010111110001111101001001011010010010100101101010101001000110 0.30219998955726624 0.2655696877927491
0000101011010010101111111111100100110011100111010111011001100101001 0.30070000886917114 0.23962031956762075
1000000110000110101111111111100100110011100111111100111101101111001 0.29170000553131104 0.2096593789756298
0000000110010110111111101111100100110010100110111101011101001100100 0.28760001063346863 0.227683341751496
0000000110000110101111111111100100110011100111111100111101100101100 0.2867000102996826 0.2068122470130523
1101111001000010000111001001010100100110110100101100111101100100100 0.2831999957561493 0.27454666255248916
1100111010111110001111101001001011010010010111111100111101100101110 0.2822999954223633 0.20951952785253525
1100011011010110100001111110100111001011010100110110101001001001010 0.2808000147342682 0.23293637585910884
1000111010101110001111111001001011010010011100110110101001101001110 0.2800000011920929 0.2354545464569872
0101010011010101111000101010110000011100000110010111011001101001111 0.275299996137619 0.2546524964272976
1100111010111110001111101001001011010010010111111100111101101001110 0.274399995803833 0.2036562468856573
0100000110010110111111101111100100110011010100110110111101001001110 0.2705000042915344 0.22849053392807644
0101010011010110100000010100110111001011011010100101111000001011101 0.26910001039505005 0.2517206347237031
Generation 6
0000101011010010101111111111100100110011100111010111011001100101100 0.4032000005245209 0.32130000041797757
0000101011010010101111111111100100110011100111110111011001101111001 0.3928000032901764 0.3130125026218593
0101010011010110100000000100110111001010111111111100111101101111100 0.38940000534057617 0.33991375466187795
0101010011010110100000010100110111001010111111111100111101100101110 0.3815000057220459 0.3306333382924398
0101011011010110100000101001011100100100110101111100111101000101100 0.3767000138759613 0.3714680692387952
0000101011011010101111111100100111001011100111010100101001100101011 0.37229999899864197 0.3034632804337889
0101011001000010000111001001010100100100110111111100111101100101100 0.3578000068664551 0.3123295893271764
0101010011010110101000010100110111001010111111111100111101100101001 0.3443000018596649 0.29839333494504294
0101011001000010000111001001011100100100110100101101010101000101100 0.3416000008583069 0.33685555640194154
0000101111010010101111111111100111001011100111110111011001100101011 0.3301999866962433 0.26484790599594515
0101011001000010001000101011010100100110100111111100011001101001110 0.31850001215934753 0.2839958441754182
1100111011011010001110101001001011010010010100110100101101100101011 0.3158000111579895 0.2787174340901953
1100111010111110001111101001001011010010010100101100111101100100110 0.3149000108242035 0.2731519033285705
0101010001000010000111010100110111001010111110101101010101101101100 0.3118000030517578 0.28191916942596434
0000000110000110101111111111100100110011100111111100111101101101001 0.31029999256134033 0.23514921311289072
1100011011010110100011111110100111001011010000110110011101101000010 0.3077000081539154 0.25991326446334523
1000001001000010001111001111100100110011100111111100111101101111001 0.30649998784065247 0.2402512925521781
0000011011010110100011111110100111001011010100110110101001001011010 0.3034000098705292 0.25857955386692827
0100000110010110111111101111100100110011100110111100111101001001100 0.30239999294281006 0.24097499437630177
1100111010111110001111101001001011010010010100101101010101001000110 0.30219998955726624 0.26213559700232564
1100111010111110001111101001101011010011010000110110011101100100010 0.29429998993873596 0.24859430968309895
1000000110000110101111111111100100110011100111111100111101101111001 0.29170000553131104 0.2225731813038389
1100011011010110100001111110100110001011010100110110011101111001010 0.2881999909877777 0.24453332568659927
0000000110010110111111101111100100110010100110111101011101001100100 0.28760001063346863 0.2344239670007179
0000000110000110101111111111100100110011100111111100111101100101100 0.2867000102996826 0.2187580807755391
Generation 7
0000101011000010101111111100110011011010110111111100111101100101010 0.40400001406669617 0.30826042739984894
0000101011010010101111111111100100110011100111010111011001100101100 0.4032000005245209 0.297150000386561
0101010011010110100000000100110111001010111111111101011101101111100 0.40230000019073486 0.30843000014623007
0000101011010010101111111111100100110011100111110111011001101111001 0.3928000032901764 0.3038062525447458
0101011001000010000111001001010100100100110111111100111101100101100 0.3912000060081482 0.297475004568696
0101010011010110100000000100110111001010111111111100111101101111100 0.38940000534057617 0.2936725040276845
0101010011010110100000010100110111001010111111111100111101100101110 0.3815000057220459 0.2885093793272972
0000011011010110100011111110100111001011010100110110101101000011100 0.37869998812675476 0.35718294334682554
0101011001000010000111001001110100100100110111111101010101000101100 0.37720000743865967 0.3017600059509277
0101011011010110100000101001011100100100110101111100111101000101100 0.3767000138759613 0.3714680692387952
1100111011011010001110101100110111001010111111111100111101100101001 0.37400001287460327 0.2902395933245619
0000101011011010101111111100100111001011100111010100101001100101011 0.37229999899864197 0.28407265548594296
1100111011011010001110101001011011010010010100110100101101000101001 0.3709999918937683 0.3485151439002066
0101011001000010000000000100010100100100110111111100111101100101100 0.35409998893737793 0.26557499170303345
0000101011010010101111111111100101110011100111010110111001100101100 0.34599998593330383 0.2585989478199432
0101010011010110101000010100110111001010111111111100111101100101001 0.3443000018596649 0.2625287514179945
0101011001000010000111001001011100100100110100101101010101000101100 0.3416000008583069 0.33685555640194154
1101010011011110100000000100110111001010111111111100111101101111100 0.33809998631477356 0.25709686459352576
0000101011011010100000010100110111001010111111111100011001100101011 0.3377000093460083 0.25151615279416245
0000101111010010101111111111100111001011100111110111011001100101011 0.3301999866962433 0.251089573216935
0000101011010010000111010100110111001010100111010111010101101101100 0.3296000063419342 0.2514916715056946
1100111010111110001111101001101011010110110100101101010101100100110 0.3264999985694885 0.30547537744948355
0101011001000010001000101011010100100110100111111100011001101001110 0.31850001215934753 0.2528093846514821
1100111010111110001111101001001011010010010100101100111101100100110 0.3149000108242035 0.29104394939812744
0101010001000010000111010100110111001010111110101101010101101101100 0.3118000030517578 0.25593583583831786
Generation 8
0000101011001010100000000100110111001010111111111001011101100101011 0.4174000024795532 0.34348541870713234
0000101011000010101111111100110011011010110111111100111101100101010 0.40400001406669617 0.3219375112093985
0000101011010010101111111111100100110011100111010111011001100101100 0.4032000005245209 0.32130000041797757
0101010011010110100000000100110111001010111111111101011101101111100 0.40230000019073486 0.3034012501438459
0000101011010010101111111111100100110011100111110111011001101111001 0.3928000032901764 0.3263104193999121
0101011001000010000111001001010100100100110111111100111101100101100 0.3912000060081482 0.30073500461876396
0101011001000010100111001001011100100011100111110111010101000101100 0.39089998602867126 0.31923498859008154
0101010011010110100000000100110111001010111111111100111101101111100 0.38940000534057617 0.2879937539498011
1100111011010110100011101001011011011011010100110100101101000011100 0.38760000467300415 0.34942727694005676
0101010011010110100000010100110111001010111111111100011001101111100 0.38179999589920044 0.2919179135312637
0101010011010110100000010100110111001010111111111100111101100101110 0.3815000057220459 0.2821510458985964
0000011011010110100011111110100111001011010100110110101101000011100 0.37869998812675476 0.344272716478868
0101011001000010000111001001110100100100110111111101010101000101100 0.37720000743865967 0.3041175059974194
0101011011010110100000101001011100100100110101111100111101000101100 0.3767000138759613 0.35786501318216324
1100111011011010001110101100110111001010111111111100111101100101001 0.37400001287460327 0.30192709372689325
0000101011011010101111111100100111001011100111010100101001100101011 0.37229999899864197 0.2995851554442197
1100111011011010001110101001011011010010010100110100101101000101001 0.3709999918937683 0.34148862890221854
0000011011010110100011111110100111001011010100110100111101000001100 0.36480000615119934 0.33025455102324486
0101011001000010000000000100010100100100110111111100111101100101100 0.35409998893737793 0.2670504083236058
0000101011010010101111111111100101110011100111010110111001100101100 0.34599998593330383 0.2739166555305322
0101010011010110101000010100110111001010111111111100111101100101001 0.3443000018596649 0.2582250013947487
0101011011010110100000101001011100100100110101111110101101010111100 0.3427000045776367 0.326516948805915
0101011001000010000111001001011100100100110100101101010101000101100 0.3416000008583069 0.3330600008368492
0000011011010110100011111100100100100100110111100110101101000011100 0.33959999680519104 0.29361249723782146
1101010011011110100000000100110111001010111111111100111101101111100 0.33809998631477356 0.25287061476459105
Generation 9
0000101011001010100000000100110111001010111111111001011101100101011 0.4174000024795532 0.34022448118776083
0000011011010110100011111110100111001011010101111110111101001101100 0.4131999909877777 0.3615499921143055
0000101011000010101111111100110011011010110111111100111101100101010 0.40400001406669617 0.3208854278394332
0000101011010010101111111111100100110011100111010111011001100101100 0.4032000005245209 0.32130000041797757
0101010011010110100000000100110111001010111111111101011101101111100 0.40230000019073486 0.31764937515060104
0000101011010010101111111111100100110011100111110111011001101111001 0.3928000032901764 0.3252875027246773
0101011001000010000111001001010100100100110111111100111101100101100 0.3912000060081482 0.30970000475645065
0101011001000010100111001001011100100011100111110111010101000101100 0.39089998602867126 0.324935613386333
0101010011010110100000000100110111001010111111111100111101101111100 0.38940000534057617 0.30340750416119894
1100111011010110100011101001011011011011010100110100101101000011100 0.38760000467300415 0.3288727312377005
1100111011010110100011101001011011011011010100111101101101000001100 0.38420000672340393 0.33180909671566705
0101010011010110100000010100110111001010111111111100011001101111100 0.38179999589920044 0.304644580061237
0101010011010110100000010100110111001010111111111100111101100101110 0.3815000057220459 0.294867712755998
0000011011010110100011111110100111001011010100110110101101000011100 0.37869998812675476 0.3227556716989387
0101011001000010000111001001110100100100110111111101010101000101100 0.37720000743865967 0.3096183394392331
0101011011010110100000101001011100100100110101111100111101000101100 0.3767000138759613 0.36728251352906227
1100111011011010001110101100110111001010111111111100111101100101001 0.37400001287460327 0.3009531353600323
0000101011011010101111111100100111001011100111010100101001100101011 0.37229999899864197 0.3015242179390043
1100111011011010001110101001011011010010010100110100101101000101001 0.3709999918937683 0.3260302959066449
0000011011010110100011111110100111001011010100110100111101000001100 0.36480000615119934 0.30952727794647217
0101011001000010000000000100010100100100110111111100111101100101100 0.35409998893737793 0.2766406163573265
0101011001000010000111001001011100100100110101111100110101100101100 0.35010001063346863 0.3413475103676319
0000011011010110100111111110100111001010101111111010111101000111100 0.34709998965263367 0.29648124116162455
0000101011010010101111111111100101110011100111010110111001100101100 0.34599998593330383 0.2739166555305322
0101010011010110101000010100110111001010111111111100111101100101001 0.3443000018596649 0.2689843764528632
Generation 10
0000011011010110100001111110100111001011010101111110101101000101100 0.4368000030517578 0.3656545480092367
0000011011010110111111111111100100110011100111010111011101101101100 0.41839998960494995 0.35520415784170234
0000101011001010100000000100110111001010111111111001011101100101011 0.4174000024795532 0.3510942729189992
0000011011010110100011111110100111001011010101111110111101001111100 0.40880000591278076 0.3453121262066292
0000101011000010101111111100110011011010110111111100111101100101010 0.40400001406669617 0.33351042827901745
0000101011010010101111111111100100110011100111010111011001100101100 0.4032000005245209 0.33075000043027103
0101010011010110100000000100110111001010111111111101011101101111100 0.40230000019073486 0.31597312514980636
0101011001000010100000010101110111001010100111110111011001000101100 0.3935999870300293 0.302579990029335
0000101011010010101111111111100100110011100111110111011001101111001 0.3928000032901764 0.33244791945132113
0101011001000010000111001001010100100100110111111100111101100101100 0.3912000060081482 0.3056250046938658
0101011001000010100111001001011100100011100111110111010101000101100 0.39089998602867126 0.30294748917222025
0101010011010110100000000100110111001010111111111100111101101111100 0.38940000534057617 0.3074637542168299
1100111011010110100011101001011011011011010100110100101101000011100 0.38760000467300415 0.3274045494018179
0101011001000010101111111111100100110011100111110110011001000101100 0.3862999975681305 0.3058208314081033
0101011001000010100011001001011000100011100111110111010111101101100 0.3853999972343445 0.29707916453480715
0000011011010110100011111110100111001011010100110110101101000011100 0.3853999972343445 0.3240863613106988
1100111011010110100011101001011011011011010100111101101101000001100 0.38420000672340393 0.3245325814368147
0101010011010110100000010100110111001010111111111100011001101111100 0.38179999589920044 0.3006674967706203
0101010011010110100000010100110111001010111111111100111101100101110 0.3815000057220459 0.29804687947034836
0101011001000010000111001001110100100100110111111101010101000101100 0.37720000743865967 0.29625917250911393
0101011011010110100000101001011100100100110101111100111101000101100 0.3767000138759613 0.3767000138759613
0000101011010110100000101001011100100110110101111001011101000101001 0.3741999864578247 0.33167726072398096
1100111011011010001110101100110111001010111111111100111101100101001 0.37400001287460327 0.31166667739550274
0000101011011010101111111100100111001011100111010100101001100101011 0.37229999899864197 0.31218906166031957
1100111011011010001110101001011011010010010100110100101101000101001 0.3709999918937683 0.3260302959066449
Generation 11
0000101001010110100000101001011100100110110101111001011101000101100 0.4803999960422516 0.41671060262755916
0000011011010110100001111110100111001011010101111110101101000101100 0.4368000030517578 0.34414545694986975
0000101011010010101111111111100100110011100111010111011001101101100 0.4203999936580658 0.31639478689370054
0000011011010110111111111111100100110011100111010111011101101101100 0.41839998960494995 0.31379999220371246
0000101011001010100000000100110111001010111111111001011101100101011 0.4174000024795532 0.3337026061490178
0000011011010110100000101001011100100100110101111100111101000101100 0.4129999876022339 0.3269583235184351
0000011011010110111111111111100100110011100111111111011101101101100 0.40939998626708984 0.3091822812954585
0000011011010110100011111110100111001011010101111110111101001111100 0.40880000591278076 0.3267303077560482
0000011011010110111111111111100100110011100111010110111101001111100 0.40869998931884766 0.3299400955438614
0000101011000010101111111100110011011010110111111100111101100101010 0.40400001406669617 0.3208854278394332
0000101011010010101111111111100100110011100111010111011001100101100 0.4032000005245209 0.30450000039612257
0101010011010110100000000100110111001010111111111101011101101111100 0.40230000019073486 0.3360881251593431
0101011001000010100000010101110111001010100111110111011001000101100 0.3935999870300293 0.3222599893808365
0000101011010010101111111111100100110011100111110111011001101111001 0.3928000032901764 0.3048291692199806
0101011001000010000111001001010100100100110111111100111101100101100 0.3912000060081482 0.3284450050443411
0101011001000010100111001001011100100011100111110111010101000101100 0.39089998602867126 0.3233068634445469
0000011011010110111111111111100100110011100111010111011101100101100 0.3905999958515167 0.2939671843778342
0101010011010110100000000100110111001010111111111100111101101111100 0.38940000534057617 0.32693375448385875
1100111011010110100011101001011011011011010100110100101101000011100 0.38760000467300415 0.32300000389417016
0000011011010110100011111110100111001011010101111111011101101101100 0.3874000012874603 0.31402878892241104
0101011001000010101111111111100100110011100111110110011001000101100 0.3862999975681305 0.3235262479633093
0101011001000010100011001001011000100011100111110111010111101101100 0.3853999972343445 0.31474333107471464
0000011011010110100011111110100111001011010100110110101101000011100 0.3853999972343445 0.3153272704644637
1100111011010110100011101001011011011011010100111101101101000001100 0.38420000672340393 0.3158007631021919
0101010011010110100000010100110111001010111111111100011001101111100 0.38179999589920044 0.31896207990745706
Generation 12
0000101001010110100000101001011100100110110101111001011101000101100 0.4803999960422516 0.41125151176344266
0101011001000010100000101001011100100011100111110111011001000101100 0.44600000977516174 0.3865333418051402
0000101001010110100000100100110111001010111111111001011101000101010 0.44190001487731934 0.3314250111579895
0000011011010110100001111110100111001011010101111110101101000101100 0.4368000030517578 0.3540727297465006
0000101011001010100000000000110111001010111111111001011101100101010 0.424699991941452 0.3129950461443514
0000011011010110100001111110100111001011010101101010101101000101100 0.4246000051498413 0.35544167097770807
0000101011010010101111111111100100110011100111010111011001101101100 0.4203999936580658 0.2857406206894666
0000011011010110100000000100110111001010111111010111011100101111100 0.420199990272522 0.29326457654436433
0000011011010110111111111111100100110011100111010111011101101101100 0.41839998960494995 0.27675415979077417
0000011011010110100000101001011100100100110101111100111101000101100 0.4129999876022339 0.33634468687303143
0000101001010110100000101001011100100110110101110100011101000101100 0.4099999964237213 0.3509848454233372
0000011011010110111111111111100100110011100111111111011101101101100 0.40939998626708984 0.2739994699756304
0000011011010110100011111110100111001011010101111110111101001111100 0.40880000591278076 0.33911818672310223
0000011011010110111111111111100100110011100111010110111101001111100 0.40869998931884766 0.29268879443407053
1000011011010110100011111110100111001011010101111111011101101101100 0.4072999954223633 0.3347882538130789
0000101011000010101111111100110011011010110111111100111101100101010 0.40400001406669617 0.29668751033023
0000011011010110111111111111100100110011100111010110111111001111100 0.4034999907016754 0.2963203056715429
0000101011010010101111111111100100110011100111010111011001100101100 0.4032000005245209 0.27615000035924214
0101010011010110100000000100110111001010111111111101011101101111100 0.40230000019073486 0.35787937516967455
0101011001000010100000010101110111001010100111110111011001000101100 0.3935999870300293 0.3427599887053172
0000101011010010101111111111100100110011100111110111011001101111001 0.3928000032901764 0.27721041898864013
0101011001000010000111001001010100100100110111111100111101100101100 0.3912000060081482 0.3447450052946806
0101011001000010100111001001011100100011100111110111010101000101100 0.39089998602867126 0.3404087378333012
0000011011010110111111111111100100110011100111010111011101100101100 0.3905999958515167 0.26039999723434454
0101010011010110100000000100110111001010111111111100111101101111100 0.38940000534057617 0.3472150047620137
Generation 13
0000101001010110100000101001011100100110110101111001011101000101100 0.4803999960422516 0.40033333003520966
0101011001000010100000101001011100100011100111110111011001100101100 0.4772999882698059 0.4245981145650149
0101011001000010100000101001011100100110110101110111011001000101100 0.4657999873161316 0.4476855433649487
0101011001000010100000101001011100100011100111110111110101000101100 0.46299999952316284 0.410912499576807
0101011001000110100000101001011100100110110101110111011101000101100 0.4629000127315521 0.44489834556976954
0101011001000010100000101001011100100011100111110111011001000101100 0.4569999873638153 0.4046354054783781
0000101001010110100000100100110111001010111111111001011101000101010 0.44190001487731934 0.3314250111579895
0000011011010110100001111110100111001011010101111110101101000101100 0.4368000030517578 0.34249091148376465
0000101001010110100001101001011100100110110101110100011101000101100 0.429500013589859 0.3579166779915492
0000011011010110100000000100110111001011010101101101011101101111100 0.4284999966621399 0.34896780031197
0101011001000010100000101001011100100111100111110111111101000101100 0.4251999855041504 0.37736498713493344
0000101011001010100000000000110111001010111111111001011101100101010 0.424699991941452 0.32626692089252174
0000011011010110100001111110100111001011010101101010101101000101100 0.4246000051498413 0.34418333750782587
0000101001010110100000101001011100100100110111111100111101000101110 0.4214000105857849 0.3105630286348363
0000101011010010101111111111100100110011100111010111011001101101100 0.4203999936580658 0.3120156202930957
0000011011010110100000000100110111001010111111010111011100101111100 0.420199990272522 0.3140557218963901
0000011011010110111111111111100100110011100111010111011101101101100 0.41839998960494995 0.2974562426097691
0000011011010110100000101001011100100100110101111100111101000101100 0.4129999876022339 0.32539392962600244
0000011011010110111111111111100100110011100111111111011101101101100 0.40939998626708984 0.2910578027367592
0000011011010110100011111110100111001011010101111110111101001111100 0.40880000591278076 0.3267303077560482
0000011011010110111111111111100100110011100111010110111101001111100 0.40869998931884766 0.302267700433731
0000101001010110100000101011011100100011100111110100011101000101100 0.4075999855995178 0.30145415601631004
1000011011010110100011111110100111001011010101111111011101101101100 0.4072999954223633 0.3224458297093709
0000101011000010101111111100110011011010110111111100111101100101010 0.40400001406669617 0.30510417728995287
0000011011010110111111111111100100110011100111010110111111001111100 0.4034999907016754 0.306828117929399
Generation 14
0000101001010110100000101001011100100110110101111001011101000101100 0.4803999960422516 0.4185302995822646
0101011001000010100000101001011100100011100111110111011001000101100 0.4799000024795532 0.389918752014637
0101011001000010100000101001011100100011100111110111011001100101100 0.4772999882698059 0.3917837403714657
0101011001000010100000101001011100100110110101110111011001000101100 0.4657999873161316 0.4127505443162388
0101011001000010100000101001011100100011100111110111110101000101100 0.46299999952316284 0.3800458329419295
0101011001000110100000101001011100100110110101110111011101000101100 0.4629000127315521 0.4127525113523006
0000101001010110100000101001011100100110110101110111011101000101100 0.4611999988555908 0.4000560596133723
0101011001000010100000101001011100101011100111111001011001000101100 0.459199994802475 0.3845799956470728
0101011001000010100000101000110111001001010101101101011101101101100 0.459199994802475 0.4120044397811095
0101011001000010100000101001011100100110110101110111110101000101100 0.45419999957084656 0.40499499961733815
0000111011010110100000101001011100100011100111110111011001100101100 0.4438000023365021 0.3513416685163975
0000101001010110100000100100110111001010111111111001011101000101010 0.44190001487731934 0.3555914182215929
0000011011010110100001111110100111001011010101111110101101000101100 0.4368000030517578 0.3805454572041829
0000011011010111100000000101011100100011100111110111110101000111100 0.43130001425743103 0.34706173022277653
0000011011010110100000000100110111001011100111101101111101001111100 0.43070000410079956 0.34545729495584965
0000101001010110100001101001011100100110110101110100011101000101100 0.429500013589859 0.37255872390938527
0000011011010110100000000100110111001011010101101101011101101111100 0.4284999966621399 0.3765606031273351
0101011001000110100000101001011100100011100111110111011101000101100 0.42640000581741333 0.35089167145391303
0101011001000010100000101001011100100111100111110111111101000101100 0.4251999855041504 0.34813248813152314
0000101011001010100000000000110111001010111111111001011101100101010 0.424699991941452 0.34838671213947237
0000011011010110100001111110100111001011010101101010101101000101100 0.4246000051498413 0.3731333378589515
0000101001010110100000101001011100100100110111111100111101000101110 0.4214000105857849 0.3390953210182488
0000101011010010101111111111100100110011100111010111011001101101100 0.4203999936580658 0.3350062449462712
0000011011010110100000000100110111001010111111010111011100101111100 0.420199990272522 0.3359411380564173
0000011011010110111111111111100100110011100111010111011101101101100 0.41839998960494995 0.3236062419600785
Generation 15
0101011001000010100000101001011100100110110101111001011101000101100 0.482699990272522 0.3888416588306427
0000101001010110100000101001011100100110110101111001011101000101100 0.4803999960422516 0.40579242089932616
0101011001000010100000101001011100100011100111110111011001000101100 0.4799000024795532 0.37392208526531856
0101011001000010100000101001011100100011100111110111011001100101100 0.4772999882698059 0.37587374076247215
0101011001000010100000100001011100101010110101110111011001000101100 0.475600004196167 0.3791588922341665
0101011001000010100000101001011100101011110111111001011001010101100 0.4731999933719635 0.3815174946561456
0000101001010110100000001001011100100110110101110111011011000101100 0.4690000116825104 0.38905682787299156
0101011001000010100000101001011100100011100111110111110101000101100 0.46299999952316284 0.36943541628619037
0101011001000110100000101001011100100110110101110111011101000101100 0.4629000127315521 0.37289167692263925
0101011001000010100000101001011100101011100111111001011001000101100 0.459199994802475 0.3664033291861415
0101011001000010100000101000110111001001010101101101011101101101100 0.459199994802475 0.366084440300862
0101011001000010100000101001011100100110110101110111110101000101100 0.45419999957084656 0.36588333298762643
0101011011000010100000101001011100100011100111110111011001000111100 0.44929999113082886 0.3594399929046631
0000111001010110100000101001011100100100110101110111011101000101100 0.447299987077713 0.3744443073642976
0101011001000010100000101000110111001001010101101001011101101101100 0.4456999897956848 0.3565599918365478
0000111011010110100000101001011100100011100111110111011001100101100 0.4438000023365021 0.41143958549946547
0000101001010110100000100100110111001010111111111001011101000101010 0.44190001487731934 0.41197970137000084
0000011011010110100001111110100111001011010101111110101101000101100 0.4368000030517578 0.3706181844075521
0101011001000110100001111111011100101011010101101010101101000101100 0.4325999915599823 0.36770999282598493
0000011011010110100001111110100111001001010101101010101101000101100 0.43140000104904175 0.37093863726565335
0000011011010111100000000101011100100011100111110111110101000111100 0.43130001425743103 0.39648152352310717
0000011011010110100000000100110111001011100111101101111101001111100 0.43070000410079956 0.3981731808744371
0000101001010110100001101001011100100110110101110100011101000101100 0.429500013589859 0.3579166779915492
0000011011010110100000000100110111001011010101101101011101101111100 0.4284999966621399 0.36682196683955914
0101011001000110100000101001011100100011100111110111011101000101100 0.42640000581741333 0.3402316713084777
Generation 16
0000101001010110100000101001011100100110110101111011011001000101100 0.4966999888420105 0.4082723393133192
0101011001000010100000101001011100100110110101111001011101000101100 0.482699990272522 0.37141082584857943
0000101001010110100000101001011100100110110101111001011101000101100 0.4803999960422516 0.3985136330805042
0101011001000010100000101001011100100011100111110111011001000101100 0.4799000024795532 0.3599250018596649
0101011001000010100000101001011100100011100111110111011001100101100 0.4772999882698059 0.3629468660801649
0101011001000010100000100001011100101010110101110111011001000101100 0.475600004196167 0.36594778100649517
0101011001000010100000101001011100101011110111111001011001010101100 0.4731999933719635 0.37165916146089634
0000101001010110100000001001011100100110110101110111011001100101100 0.4717000126838684 0.3877231164863615
0101011001000010100000101001011100100011100111110111110101000101100 0.46299999952316284 0.35110833297173183
0101011001000110100000101001011100100110110101110111011101000101100 0.4629000127315521 0.3613191766043504
0101011001000010100000101001011100101011100111111001011001000101100 0.459199994802475 0.3558799959719181
0101011001000010100000101000110111001001010101101101011101101101100 0.459199994802475 0.35205332934856415
0000111011010111100000101001011100100011100101110111011011000101100 0.4571000039577484 0.38264810937372123
1100011001000010100000101001011100100111110101111001011001100101100 0.45680001378059387 0.39796970897551737
0101011001000010100000101001011100100110110101110111110101000101100 0.45419999957084656 0.35452833299835523
0101011011000010100000101001011100100011100111110111011001000111100 0.44929999113082886 0.3482074931263924
0101011001000010100001111110100111101011110101111001011101000101100 0.4478999972343445 0.3545874978105227
0000111001010110100000101001011100100100110101110111011101000101100 0.447299987077713 0.3693613529656873
0101011001000010100000101000110111001001010101101001011101101101100 0.4456999897956848 0.341703325510025
0000111011010110100000101001011100100011100111110111011001100101100 0.4438000023365021 0.4333984397817403
0000101001010110100000100100110111001010111111111001011101000101010 0.44190001487731934 0.43154298327863216
0000011011010110100001111110100111001011010101111110101101000101100 0.4368000030517578 0.37723636627197266
0101011001000010000000101001011100100110110111110111110101000101100 0.43470001220703125 0.3350812594095866
0101010001000010101000000101011100100011100111110111110101000101100 0.43389999866485596 0.3453120822707812
0101011001000110100001111111011100101011010101101010101101000101100 0.4325999915599823 0.35449165975054103
Generation 17
0000101001010110100000101001011100100110110101111011011001000101100 0.4966999888420105 0.41956097542336496
0101001001000110100000101000100111111011110101110111011101000101100 0.484499990940094 0.3795249929030736
0101011001000010100000101001011100100110110101111001011101000101100 0.482699990272522 0.3700699925422668
0000101001010110100000101001011100100110110101111001011101000101100 0.4803999960422516 0.40943181480873714
0101011001000010100000101001011100100011100111110111011001000101100 0.4799000024795532 0.3579254185160001
0101011001000010100000101001011100100011100111110111011001100101100 0.4772999882698059 0.3589693661779165
0101011001000010100000100001011100101010110101110111011001000101100 0.475600004196167 0.3593422253926595
0101011001000010100000101001011100101011110111111001011001010101100 0.4731999933719635 0.362786661585172
0000101001010110100000001001011100100110110101110111011001100101100 0.4717000126838684 0.39844357132008584
0101011001000010100000101011011100100011100111110111011101000101100 0.4708000123500824 0.3550616759806871
0000101001010110100000101001011100100110110111111011011001100101100 0.46950000524520874 0.44137891118104255
0101011001000010100000101001011100100011100111111001011011100101100 0.46389999985694885 0.3585560415561
0101011001000010100000101001011100100011100111110111110101000101100 0.46299999952316284 0.3549666663010915
0101011001000110100000101001011100100110110101110111011101000101100 0.4629000127315521 0.35489000976085666
0101011001000010100000101001011100101011100111111001011001000101100 0.459199994802475 0.3482266627252102
0101011001000010100000101000110111001001010101101101011101101101100 0.459199994802475 0.34950221826632816
0000111011010111100000101001011100100011100101110111011011000101100 0.4571000039577484 0.39476818523623725
1100011001000010100000101001011100100111110101111001011001100101100 0.45680001378059387 0.4066212243880286
0101011001000010100000101001011100100110110101110111110101000101100 0.45419999957084656 0.3507433330019315
0000111011010110000000101001011100101011100111110111011001000101100 0.4523000121116638 0.4216755321249366
0101011011000010100000101001011100100011100111110111011001000111100 0.44929999113082886 0.34633540983001393
0101011001000010100001111110100111101011110101111001011101000101100 0.4478999972343445 0.3583199977874756
0000111001010110100000101001011100100100110101110111011101000101100 0.447299987077713 0.379527261762908
0101011001000010100000101000110111001001010101101001011101101101100 0.4456999897956848 0.341703325510025
0000111011010110100000101001011100100011100111110111011001100101100 0.4438000023365021 0.4125953146722168
Generation 18
0000101001010110100000101001011100100110110101111011011001000101100 0.4966999888420105 0.40262802125829644
0101001001000110100000101000100111111011110101110111011101000101100 0.484499990940094 0.40374999245007837
0101011001000010100000101001011100100110110101111001011101000101100 0.482699990272522 0.40627249181270597
0000101001010110100000101001011100100110110101111001011101000101100 0.4803999960422516 0.39487423917109316
0101011001000010100000101001011100100011100111110111011001000101100 0.4799000024795532 0.34192875176668164
0000111001010110100000101001011100100110110101111111011001000101100 0.477400004863739 0.38517500392415305
0101011001000010100000101001011100100011100111110111011001100101100 0.4772999882698059 0.34206499159336096
0101011001000010100000100001011100101010110101110111011001000101100 0.475600004196167 0.38840667009353635
0101011001000010100000101001011100101011110111111001011001010101100 0.4731999933719635 0.34405582851419847
0000101001010110100000001001011100100110110101110111011001100101100 0.4717000126838684 0.3823628890694994
0101011001000010100000101011011100100011100111110111011101000101100 0.4708000123500824 0.34034917559474703
0000101001010110100000101001011100100110110111111011011001100101100 0.46950000524520874 0.44137891118104255
0000111001010110100000111001011100100011100111110111011001000101100 0.46480000019073486 0.4321187501773238
0101011001000010100000101001011100100011100111111001011011100101100 0.46389999985694885 0.34019333322842915
0101011001000010100000101001011100100011100111110111110101000101100 0.46299999952316284 0.34146249964833264
0101011001000110100000101001011100100110110101110111011101000101100 0.4629000127315521 0.38060667713483176
0101011001000010100000101001011100101011100111111001011001000101100 0.459199994802475 0.3300499962642789
0101011001000010100000101000110111001001010101101101011101101101100 0.459199994802475 0.38139110679427785
0000111011010111100000101001011100100011100101110111011011000101100 0.4571000039577484 0.3791852305558595
1100011001000010100000101001011100100111110101111001011001100101100 0.45680001378059387 0.39623940589301515
0101011001000010100000101001011100100110110101110111110101000101100 0.45419999957084656 0.37597666631142296
0000111001010110100000101001011100100100110101110111011101000101100 0.45260000228881836 0.3668803048856331
0000111011010110000000101001011100101011100111110111011001000101100 0.4523000121116638 0.4216755321249366
0101011001000010100000101001011100100011100111111001011001100101100 0.4496999979019165 0.3250956234832605
0101011011000010100000101001011100100011100111110111011001000111100 0.44929999113082886 0.33323082675536475
Generation 19
0000101001010110100000101001011100100110110101111011011001000101100 0.4966999888420105 0.4157980967200164
0101001001000110100000101000100111111011110101110111011101000101100 0.484499990940094 0.3875999927520752
0101011000000010100000100001011100101111110101111111011001000101100 0.4830999970436096 0.38782194207112
0101011001000010100000101001011100100110110101111001011101000101100 0.482699990272522 0.39152332544326784
0000101001010110100000101001011100100110110101111001011101000101100 0.4803999960422516 0.40943181480873714
0101011001000010100000101001011100100011100111110111011001000101100 0.4799000024795532 0.3569256268441677
0000111001010111100000111001011100101011100111110111011001000101100 0.47909998893737793 0.4304413963109255
0000111001010110100000101001011100100110110101111111011001000101100 0.477400004863739 0.3960250040346926
0101011001000010100000101001011100100011100111110111011001100101100 0.4772999882698059 0.35797499120235443
0101011001000010100000100001011100101010110101110111011001000101100 0.475600004196167 0.3725533366203308
0101011001000010100000101001011100101011110111111001011001010101100 0.4731999933719635 0.3608149949461221
0000101001010110100000001001011100100110110101110111011001100101100 0.4717000126838684 0.3912966014309363
0101011001000010100000101011011100100011100111110111011101000101100 0.4708000123500824 0.3540808426216245
0000101001010110100000101001011100100110110111111011011001100101100 0.46950000524520874 0.4218164109624922
0000111001010110000000101001011100101011100111110111011001100101100 0.4691999852657318 0.4215468617621809
0101011001000010100000101001011100100011100111111001011011100101100 0.46389999985694885 0.3566231248900294
0101011001000010100000101001011100100011100111110111110101000101100 0.46299999952316284 0.35400208296875163
0101011001000110100000101001011100100110110101110111011101000101100 0.4629000127315521 0.3638908433417479
0101011001000010100000101001011100100011100111010111011001000101100 0.46140000224113464 0.346050001680851
0000101001011111100000101001011100100110110111111011011001000101100 0.46070000529289246 0.4163096401995669
0100111001010110100000111001011100100011110101110111011001010101100 0.46050000190734863 0.38200568340041424
0101011001000010100000101001011100101011100111111001011001000101100 0.459199994802475 0.3463133294135332
0101011001000010100000101000110111001001010101101101011101101101100 0.459199994802475 0.36735999584198
0000111011010111100000101001011100100011100101110111011011000101100 0.4571000039577484 0.38611098819158296
0101011001001110100000101001011100100110110101110111011101000101100 0.4569999873638153 0.36559998989105225
Generation 20
0000101001010110100000101001011100100110110101111011011001000101100 0.4966999888420105 0.3988651425549478
0101001001000110100000101000100111111011110101110111011101000101100 0.484499990940094 0.40374999245007837
0000101001010110100000101001011100100110110101111001011101000101100 0.4832000136375427 0.38985455645756284
0101011000000010100000100001011100101111110101111111011001000101100 0.4830999970436096 0.4012413864334425
0101011001000010100000101001011100100110110101111001011101000101100 0.482699990272522 0.40627249181270597
0101011001000010100000101001011100100011100111110111011001000101100 0.4799000024795532 0.3569256268441677
0000111001010111100000111001011100101011100111110111011001000101100 0.47909998893737793 0.4304413963109255
0000111001010110100000101001011100100110110101111111011001000101100 0.477400004863739 0.3797500038688833
0101011001000010100000101001011100100011100111110111011001100101100 0.4772999882698059 0.35797499120235443
0101011001000010100000100001011100101010110101110111011001000101100 0.475600004196167 0.38972778121630347
0101011001000010100000101001011100101011110111111001011001010101100 0.4731999933719635 0.3608149949461221
0000101001010110100000101001011100100110110111111011011001100101100 0.47279998660087585 0.4247812379617244
0000101001010110100000001001011100100110110101110111011001100101100 0.4717000126838684 0.380576146597212
0101011001000010100000101011011100100011100111110111011101000101100 0.4708000123500824 0.3540808426216245
0000111001010110000000101001011100101011100111110111011001100101100 0.4691999852657318 0.4215468617621809
0000111001010110100000111001011100101010110101111001011101000101100 0.4645000100135803 0.3730075837987842
0101011001000010100000101001011100100011100111111001011011100101100 0.46389999985694885 0.3566231248900294
0101011001000010100000101001011100100011100111110111110101000101100 0.46299999952316284 0.35400208296875163
0000111001010110000000101000110111001001010101101101011101101101100 0.46299999952316284 0.3753106056740789
0101011001000110100000101001011100100110110101110111011101000101100 0.4629000127315521 0.38189251050353046
0101011001000010100000101001011100100011100111010111011001000101100 0.46140000224113464 0.346050001680851
0000101001011111100000101001011100100110110111111011011001000101100 0.46070000529289246 0.4163096401995669
0101010001000010100000101001010100100110110101111111011001000101100 0.46059998869895935 0.3812744350896941
0100111001010110100000111001011100100011110101110111011001010101100 0.46050000190734863 0.3697954560771133
0101011001000010100000101001011100101011100111111001011001000101100 0.459199994802475 0.3463133294135332
[0.31029999256134033, 0.31029999256134033, 0.31029999256134033, 0.3578000068664551, 0.3928000032901764, 0.4032000005245209, 0.40400001406669617, 0.4174000024795532, 0.4174000024795532, 0.4368000030517578, 0.4803999960422516, 0.4803999960422516, 0.4803999960422516, 0.4803999960422516, 0.482699990272522, 0.4966999888420105, 0.4966999888420105, 0.4966999888420105, 0.4966999888420105, 0.4966999888420105]